828
-0.313141236161458
-0.0150749912834712
-0.0267757581858156
-0.333694765348416
-0.0101221697250959
-0.567765265037729
-0.191342546425191
-0.046767507168112
-0.344349711397071
-0.313141236161458
-0.0150749912834712
-0.0267757581858156
-0.113965041527906
-0.0831716580490885
-0.323896378168736
-0.113965041527906
-0.0831716580490885
-0.0267757581858156
-0.313141236161458
-0.0150749912834712
-0.0267757581858156
-0.0613516504697311
-0.0513541599349187
0.249661706776339
-0.122703302283292
-0.0306919075165993
0.249661706776339
-0.313141236161458
-0.0150749912834712
-0.0267757581858156
-0.122703302283292
0.014742694335287
0.249661706776339
-0.313141236161458
0.0465601938604783
-0.0267757581858156
-0.313141236161458
0.0465601938604783
-0.0267757581858156
-0.435110814029138
0.0639022168101637
-0.227712954576842
-0.313141236161458
-0.0150749912834712
-0.0267757581858156
-0.313141236161458
0.0465601938604783
-0.0267757581858156
-0.122703302283292
0.014742694335287
0.249661706776339
-0.113965041527906
0.126118738072866
-0.0267757581858156
-0.191342546425191
-0.046767507168112
-0.344349711397071
-0.333694765348416
-0.0101221697250959
-0.567765265037729
-0.191342546425191
0.0465601938604783
-0.344349711397071
-0.191342546425191
-0.046767507168112
-0.344349711397071
-0.113965041527906
-0.0831716580490885
-0.323896378168736
-0.313141236161458
-0.0150749912834712
-0.0267757581858156
-0.191342546425191
0.0465601938604783
-0.344349711397071
-0.435110814029138
0.0639022168101637
-0.227712954576842
-0.313141236161458
0.0465601938604783
-0.0267757581858156
-0.191342546425191
0.0465601938604783
-0.344349711397071
-0.113965041527906
-0.0831716580490885
-0.323896378168736
-0.191342546425191
-0.046767507168112
-0.344349711397071
-0.191342546425191
0.0465601938604783
-0.344349711397071
-0.113965041527906
0.126118738072866
-0.0267757581858156
-0.113965041527906
0.0942025356512814
-0.323896378168736
-0.0359048999250533
-0.0170748050555213
0.416314637261536
-0.122703302283292
0.014742694335287
0.249661706776339
-0.0359048999250533
-0.0527317602978818
0.416314637261536
-0.0359048999250533
-0.0527317602978818
0.416314637261536
-0.0274367630932272
-0.0170748050555213
0.425798952072024
-0.0359048999250533
-0.0170748050555213
0.416314637261536
-0.0359048999250533
-0.0527317602978818
0.416314637261536
-0.0613516504697311
-0.0513541599349187
0.249661706776339
-0.0274367630932272
-0.0527317602978818
0.425798952072024
-0.0359048999250533
-0.0527317602978818
0.416314637261536
-0.122703302283292
0.014742694335287
0.249661706776339
-0.122703302283292
-0.0306919075165993
0.249661706776339
-3.03052529648933e-17
-0.0170748050555213
0.432234734962271
-0.0274367630932272
-0.0170748050555213
0.425798952072024
-3.03052529648933e-17
-0.0638799515585822
0.432234734962271
-3.03052529648933e-17
-0.0170748050555213
0.432234734962271
0.0274367630932271
-0.0170748050555213
0.425798952072024
-3.03052529648933e-17
0.0466588927925729
0.249661706776339
-3.03052529648933e-17
-0.0638799515585822
0.432234734962271
-0.0274367630932272
-0.0170748050555213
0.425798952072024
-0.0274367630932272
-0.0527317602978818
0.425798952072024
-3.03052529648933e-17
-0.0638799515585822
0.432234734962271
-0.0613516504697311
-0.0513541599349187
0.249661706776339
-3.03052529648933e-17
-0.0625023579147687
0.249661706776339
-3.03052529648933e-17
-0.0638799515585822
0.432234734962271
0.0274367630932271
-0.0170748050555213
0.425798952072024
-3.03052529648933e-17
-0.0170748050555213
0.432234734962271
-3.03052529648933e-17
-0.0638799515585822
0.432234734962271
0.061351650469731
-0.0513541599349187
0.249661706776339
0.0274367630932271
-0.0527317602978818
0.425798952072024
-3.03052529648933e-17
0.0942025356512814
-0.303443038221251
-0.113965041527906
-0.0831716580490885
-0.323896378168736
-0.113965041527906
0.0942025356512814
-0.323896378168736
-3.03052529648933e-17
0.0942025356512814
-0.303443038221251
-0.113965041527906
0.126118738072866
-0.0267757581858156
-3.03052529648933e-17
0.126118738072866
-0.0267757581858156
-3.03052529648933e-17
0.0942025356512814
-0.303443038221251
0.113965041527906
-0.0831716580490885
-0.323896378168736
-3.03052529648933e-17
-0.0943198560289386
-0.303443038221251
-3.03052529648933e-17
0.0942025356512814
-0.303443038221251
0.113965041527906
0.126118738072866
-0.0267757581858156
0.113965041527906
0.0942025356512814
-0.323896378168736
-3.03052529648933e-17
-0.0943198560289386
-0.303443038221251
-0.113965041527906
-0.0831716580490885
-0.323896378168736
-3.03052529648933e-17
0.0942025356512814
-0.303443038221251
-3.03052529648933e-17
-0.0943198560289386
-0.303443038221251
0.113965041527906
-0.0831716580490885
-0.323896378168736
-3.03052529648933e-17
-0.0943198560289386
-0.0267757581858156
-3.03052529648933e-17
0.126118738072866
-0.0267757581858156
0.113965041527906
0.126118738072866
-0.0267757581858156
-3.03052529648933e-17
0.0942025356512814
-0.303443038221251
-3.03052529648933e-17
-0.0943198560289386
-0.0267757581858156
-0.113965041527906
-0.0831716580490885
-0.323896378168736
-3.03052529648933e-17
-0.0943198560289386
-0.303443038221251
-3.03052529648933e-17
-0.0943198560289386
-0.0267757581858156
-0.0613516504697311
-0.0513541599349187
0.249661706776339
-0.113965041527906
-0.0831716580490885
-0.0267757581858156
-3.03052529648933e-17
-0.0943198560289386
-0.0267757581858156
0.113965041527906
-0.0831716580490885
-0.323896378168736
0.113965041527906
-0.0831716580490885
-0.0267757581858156
-3.03052529648933e-17
-0.0943198560289386
-0.0267757581858156
0.061351650469731
-0.0513541599349187
0.249661706776339
-3.03052529648933e-17
-0.0625023579147687
0.249661706776339
-0.435110814029138
-0.0101221697250959
-0.227712954576842
-0.313141236161458
-0.0150749912834712
-0.0267757581858156
-0.435110814029138
0.0639022168101637
-0.227712954576842
-0.435110814029138
-0.0101221697250959
-0.227712954576842
-0.333694765348416
-0.0101221697250959
-0.567765265037729
-0.313141236161458
-0.0150749912834712
-0.0267757581858156
-0.435110814029138
0.0639022168101637
-0.227712954576842
-0.191342546425191
0.0465601938604783
-0.344349711397071
-0.333694765348416
0.0639022168101637
-0.567765265037729
-0.435110814029138
0.0639022168101637
-0.227712954576842
-0.333694765348416
-0.0101221697250959
-0.567765265037729
-0.435110814029138
-0.0101221697250959
-0.227712954576842
-0.333694765348416
0.0639022168101637
-0.567765265037729
-0.191342546425191
0.0465601938604783
-0.344349711397071
-0.333694765348416
-0.0101221697250959
-0.567765265037729
-0.333694765348416
0.0639022168101637
-0.567765265037729
-0.333694765348416
-0.0101221697250959
-0.567765265037729
-0.435110814029138
0.0639022168101637
-0.227712954576842
-0.0274367630932272
-0.0527317602978818
0.425798952072024
-0.0274367630932272
-0.0170748050555213
0.425798952072024
-0.0359048999250533
-0.0527317602978818
0.416314637261536
-0.0274367630932272
-0.0527317602978818
0.425798952072024
-0.0613516504697311
-0.0513541599349187
0.249661706776339
-3.03052529648933e-17
-0.0638799515585822
0.432234734962271
-0.0274367630932272
-0.0170748050555213
0.425798952072024
-3.03052529648933e-17
0.0466588927925729
0.249661706776339
-0.0613516504697311
0.0466588927925729
0.249661706776339
-0.0274367630932272
-0.0170748050555213
0.425798952072024
-0.122703302283292
0.014742694335287
0.249661706776339
-0.0359048999250533
-0.0170748050555213
0.416314637261536
-0.113965041527906
0.0942025356512814
-0.323896378168736
-0.113965041527906
-0.0831716580490885
-0.323896378168736
-0.191342546425191
0.0465601938604783
-0.344349711397071
-0.113965041527906
0.0942025356512814
-0.323896378168736
-0.113965041527906
0.126118738072866
-0.0267757581858156
-3.03052529648933e-17
0.0942025356512814
-0.303443038221251
-0.113965041527906
0.126118738072866
-0.0267757581858156
-0.191342546425191
0.0465601938604783
-0.344349711397071
-0.313141236161458
0.0465601938604783
-0.0267757581858156
-0.113965041527906
0.126118738072866
-0.0267757581858156
-3.03052529648933e-17
0.0466588927925729
0.249661706776339
-3.03052529648933e-17
0.126118738072866
-0.0267757581858156
-0.113965041527906
0.126118738072866
-0.0267757581858156
-0.122703302283292
0.014742694335287
0.249661706776339
-0.0613516504697311
0.0466588927925729
0.249661706776339
-0.113965041527906
-0.0831716580490885
-0.0267757581858156
-0.113965041527906
-0.0831716580490885
-0.323896378168736
-3.03052529648933e-17
-0.0943198560289386
-0.0267757581858156
-0.113965041527906
-0.0831716580490885
-0.0267757581858156
-0.0613516504697311
-0.0513541599349187
0.249661706776339
-0.313141236161458
-0.0150749912834712
-0.0267757581858156
-0.0613516504697311
0.0466588927925729
0.249661706776339
-3.03052529648933e-17
0.0466588927925729
0.249661706776339
-0.113965041527906
0.126118738072866
-0.0267757581858156
-0.0613516504697311
0.0466588927925729
0.249661706776339
-0.122703302283292
0.014742694335287
0.249661706776339
-0.0274367630932272
-0.0170748050555213
0.425798952072024
-3.03052529648933e-17
0.0466588927925729
0.249661706776339
-0.0274367630932272
-0.0170748050555213
0.425798952072024
-3.03052529648933e-17
-0.0170748050555213
0.432234734962271
-3.03052529648933e-17
0.0466588927925729
0.249661706776339
0.113965041527906
0.126118738072866
-0.0267757581858156
-3.03052529648933e-17
0.126118738072866
-0.0267757581858156
-3.03052529648933e-17
-0.0625023579147687
0.249661706776339
-0.0613516504697311
-0.0513541599349187
0.249661706776339
-3.03052529648933e-17
-0.0943198560289386
-0.0267757581858156
-3.03052529648933e-17
-0.0625023579147687
0.249661706776339
0.061351650469731
-0.0513541599349187
0.249661706776339
-3.03052529648933e-17
-0.0638799515585822
0.432234734962271
-0.122703302283292
-0.0306919075165993
0.249661706776339
-0.0613516504697311
-0.0513541599349187
0.249661706776339
-0.0359048999250533
-0.0527317602978818
0.416314637261536
-0.122703302283292
-0.0306919075165993
0.249661706776339
-0.122703302283292
0.014742694335287
0.249661706776339
-0.313141236161458
-0.0150749912834712
-0.0267757581858156
0.313141236161458
-0.0150749912834712
-0.0267757581858156
0.435110814029138
0.0639022168101637
-0.227712954576842
0.313141236161458
0.0465601938604783
-0.0267757581858156
0.313141236161458
-0.0150749912834712
-0.0267757581858156
0.333694765348416
-0.0101221697250959
-0.567765265037729
0.435110814029138
-0.0101221697250959
-0.227712954576842
0.313141236161458
-0.0150749912834712
-0.0267757581858156
0.113965041527906
-0.0831716580490885
-0.323896378168736
0.191342546425191
-0.046767507168112
-0.344349711397071
0.313141236161458
-0.0150749912834712
-0.0267757581858156
0.061351650469731
-0.0513541599349187
0.249661706776339
0.113965041527906
-0.0831716580490885
-0.0267757581858156
0.313141236161458
-0.0150749912834712
-0.0267757581858156
0.122703302283292
0.014742694335287
0.249661706776339
0.122703302283292
-0.0306919075165993
0.249661706776339
0.313141236161458
0.0465601938604783
-0.0267757581858156
0.191342546425191
0.0465601938604783
-0.344349711397071
0.113965041527906
0.126118738072866
-0.0267757581858156
0.313141236161458
0.0465601938604783
-0.0267757581858156
0.435110814029138
0.0639022168101637
-0.227712954576842
0.191342546425191
0.0465601938604783
-0.344349711397071
0.313141236161458
0.0465601938604783
-0.0267757581858156
0.122703302283292
0.014742694335287
0.249661706776339
0.313141236161458
-0.0150749912834712
-0.0267757581858156
0.191342546425191
-0.046767507168112
-0.344349711397071
0.333694765348416
-0.0101221697250959
-0.567765265037729
0.313141236161458
-0.0150749912834712
-0.0267757581858156
0.191342546425191
-0.046767507168112
-0.344349711397071
0.113965041527906
-0.0831716580490885
-0.323896378168736
0.191342546425191
0.0465601938604783
-0.344349711397071
0.191342546425191
0.0465601938604783
-0.344349711397071
0.333694765348416
-0.0101221697250959
-0.567765265037729
0.191342546425191
-0.046767507168112
-0.344349711397071
0.191342546425191
0.0465601938604783
-0.344349711397071
0.113965041527906
-0.0831716580490885
-0.323896378168736
0.113965041527906
0.0942025356512814
-0.323896378168736
0.0359048999250532
-0.0170748050555213
0.416314637261536
0.0274367630932271
-0.0170748050555213
0.425798952072024
0.0359048999250532
-0.0527317602978818
0.416314637261536
0.0359048999250532
-0.0170748050555213
0.416314637261536
0.122703302283292
0.014742694335287
0.249661706776339
0.0274367630932271
-0.0170748050555213
0.425798952072024
0.0359048999250532
-0.0527317602978818
0.416314637261536
0.0274367630932271
-0.0170748050555213
0.425798952072024
0.0274367630932271
-0.0527317602978818
0.425798952072024
0.0359048999250532
-0.0527317602978818
0.416314637261536
0.061351650469731
-0.0513541599349187
0.249661706776339
0.122703302283292
-0.0306919075165993
0.249661706776339
0.0359048999250532
-0.0527317602978818
0.416314637261536
0.122703302283292
0.014742694335287
0.249661706776339
0.0359048999250532
-0.0170748050555213
0.416314637261536
0.435110814029138
-0.0101221697250959
-0.227712954576842
0.333694765348416
-0.0101221697250959
-0.567765265037729
0.435110814029138
0.0639022168101637
-0.227712954576842
0.435110814029138
0.0639022168101637
-0.227712954576842
0.313141236161458
-0.0150749912834712
-0.0267757581858156
0.435110814029138
-0.0101221697250959
-0.227712954576842
0.435110814029138
0.0639022168101637
-0.227712954576842
0.333694765348416
-0.0101221697250959
-0.567765265037729
0.333694765348416
0.0639022168101637
-0.567765265037729
0.333694765348416
0.0639022168101637
-0.567765265037729
0.191342546425191
0.0465601938604783
-0.344349711397071
0.435110814029138
0.0639022168101637
-0.227712954576842
0.333694765348416
-0.0101221697250959
-0.567765265037729
0.191342546425191
0.0465601938604783
-0.344349711397071
0.333694765348416
0.0639022168101637
-0.567765265037729
0.0274367630932271
-0.0527317602978818
0.425798952072024
0.0274367630932271
-0.0170748050555213
0.425798952072024
-3.03052529648933e-17
-0.0638799515585822
0.432234734962271
0.0274367630932271
-0.0527317602978818
0.425798952072024
0.061351650469731
-0.0513541599349187
0.249661706776339
0.0359048999250532
-0.0527317602978818
0.416314637261536
0.0274367630932271
-0.0170748050555213
0.425798952072024
0.122703302283292
0.014742694335287
0.249661706776339
0.061351650469731
0.0466588927925729
0.249661706776339
0.113965041527906
0.0942025356512814
-0.323896378168736
0.113965041527906
-0.0831716580490885
-0.323896378168736
-3.03052529648933e-17
0.0942025356512814
-0.303443038221251
0.113965041527906
0.0942025356512814
-0.323896378168736
0.113965041527906
0.126118738072866
-0.0267757581858156
0.191342546425191
0.0465601938604783
-0.344349711397071
0.113965041527906
0.126118738072866
-0.0267757581858156
-3.03052529648933e-17
0.0466588927925729
0.249661706776339
0.061351650469731
0.0466588927925729
0.249661706776339
0.113965041527906
0.126118738072866
-0.0267757581858156
0.122703302283292
0.014742694335287
0.249661706776339
0.313141236161458
0.0465601938604783
-0.0267757581858156
0.113965041527906
-0.0831716580490885
-0.0267757581858156
0.113965041527906
-0.0831716580490885
-0.323896378168736
0.313141236161458
-0.0150749912834712
-0.0267757581858156
0.113965041527906
-0.0831716580490885
-0.0267757581858156
0.061351650469731
-0.0513541599349187
0.249661706776339
-3.03052529648933e-17
-0.0943198560289386
-0.0267757581858156
0.061351650469731
0.0466588927925729
0.249661706776339
-3.03052529648933e-17
0.0466588927925729
0.249661706776339
0.0274367630932271
-0.0170748050555213
0.425798952072024
0.061351650469731
0.0466588927925729
0.249661706776339
0.122703302283292
0.014742694335287
0.249661706776339
0.113965041527906
0.126118738072866
-0.0267757581858156
0.122703302283292
-0.0306919075165993
0.249661706776339
0.061351650469731
-0.0513541599349187
0.249661706776339
0.313141236161458
-0.0150749912834712
-0.0267757581858156
0.122703302283292
-0.0306919075165993
0.249661706776339
0.122703302283292
0.014742694335287
0.249661706776339
0.0359048999250532
-0.0527317602978818
0.416314637261536
828
-0.250246599332239
-0.968181917416494
0.000643669458282426
-0.250246599332239
-0.968181917416494
0.000643669458282426
-0.250246599332239
-0.968181917416494
0.000643669458282426
-0.323506690896675
-0.946225882622687
0
-0.323506690896675
-0.946225882622687
0
-0.323506690896675
-0.946225882622687
0
-0.314843561293267
-0.934853123840048
0.164082810673994
-0.314843561293267
-0.934853123840048
0.164082810673994
-0.314843561293267
-0.934853123840048
0.164082810673994
-0.823503092072627
0
0.567311781427834
-0.823503092072627
0
0.567311781427834
-0.823503092072627
0
0.567311781427834
-0.854840362569438
0
0.518891081559658
-0.854840362569438
0
0.518891081559658
-0.854840362569438
0
0.518891081559658
-0.348742780265792
0.873083610665415
0.340739610259693
-0.348742780265792
0.873083610665415
0.340739610259693
-0.348742780265792
0.873083610665415
0.340739610259693
0.843355841899555
0
-0.537355491210327
0.843355841899555
0
-0.537355491210327
0.843355841899555
0
-0.537355491210327
-0.410300479315398
-0.909515508482438
-0.0665962198888816
-0.410300479315398
-0.909515508482438
-0.0665962198888816
-0.410300479315398
-0.909515508482438
-0.0665962198888816
0.0867537089450111
0.995674009368891
0.0332725269789102
0.0867537089450111
0.995674009368891
0.0332725269789102
0.0867537089450111
0.995674009368891
0.0332725269789102
0.255554601170171
0
-0.966794624426902
0.255554601170171
0
-0.966794624426902
0.255554601170171
0
-0.966794624426902
-0.504274479158015
0.858604048566393
-0.0922298078460044
-0.504274479158015
0.858604048566393
-0.0922298078460044
-0.504274479158015
0.858604048566393
-0.0922298078460044
-0.886914082801326
0
0.461934421459024
-0.886914082801326
0
0.461934421459024
-0.886914082801326
0
0.461934421459024
-0.74593766056133
0
0.666015770501187
-0.74593766056133
0
0.666015770501187
-0.74593766056133
0
0.666015770501187
0.0111668939900572
-0.999887939109719
-0.00997044139112251
0.0111668939900572
-0.999887939109719
-0.00997044139112251
0.0111668939900572
-0.999887939109719
-0.00997044139112251
-0.886914082801326
0
0.461934421459024
-0.886914082801326
0
0.461934421459024
-0.886914082801326
0
0.461934421459024
-0.228369340136711
0
0.97357457058282
-0.228369340136711
0
0.97357457058282
-0.228369340136711
0
0.97357457058282
0.0770792672307521
0.941318282818023
0.328601090983732
0.0770792672307521
0.941318282818023
0.328601090983732
0.0770792672307521
0.941318282818023
0.328601090983732
-0.228369340136711
0
0.97357457058282
-0.228369340136711
0
0.97357457058282
-0.228369340136711
0
0.97357457058282
-0.178777239863261
-0.983861569247487
-0.00742368269432195
-0.178777239863261
-0.983861569247487
-0.00742368269432195
-0.178777239863261
-0.983861569247487
-0.00742368269432195
0.228369340136711
0
0.97357457058282
0.228369340136711
0
0.97357457058282
0.228369340136711
0
0.97357457058282
0.3891692394558
-0.918671548715364
0.0677487169052627
0.3891692394558
-0.918671548715364
0.0677487169052627
0.3891692394558
-0.918671548715364
0.0677487169052627
0.176647949808336
0
-0.984274098932056
0.176647949808336
0
-0.984274098932056
0.176647949808336
0
-0.984274098932056
0
0.993411776150019
-0.114599489555868
0
0.993411776150019
-0.114599489555868
0
0.993411776150019
-0.114599489555868
-0.176647949808336
0
-0.984274098932056
-0.176647949808336
0
-0.984274098932056
-0.176647949808336
0
-0.984274098932056
-0.019164606940029
0.994097496889211
-0.106784289665844
-0.019164606940029
0.994097496889211
-0.106784289665844
-0.019164606940029
0.994097496889211
-0.106784289665844
0.176647949808336
0
-0.984274098932056
0.176647949808336
0
-0.984274098932056
0.176647949808336
0
-0.984274098932056
0.0973564745271103
-0.995249575165773
0
0.0973564745271103
-0.995249575165773
0
0.0973564745271103
-0.995249575165773
0
0
0.993411776150019
-0.114599489555868
0
0.993411776150019
-0.114599489555868
0
0.993411776150019
-0.114599489555868
-0.0973564745271103
-0.995249575165773
0
-0.0973564745271103
-0.995249575165773
0
-0.0973564745271103
-0.995249575165773
0
-0.0965056403740434
-0.986551713823747
0.131918070511297
-0.0965056403740434
-0.986551713823747
0.131918070511297
-0.0965056403740434
-0.986551713823747
0.131918070511297
0.0973564745271103
-0.995249575165773
0
0.0973564745271103
-0.995249575165773
0
0.0973564745271103
-0.995249575165773
0
0.17764670929676
-0.977639926129872
0.112524759554555
0.17764670929676
-0.977639926129872
0.112524759554555
0.17764670929676
-0.977639926129872
0.112524759554555
-0.854840362569438
0
0.518891081559658
-0.854840362569438
0
0.518891081559658
-0.854840362569438
0
0.518891081559658
-0.0272178189482926
-0.999596568101003
-0.00811735008457895
-0.0272178189482926
-0.999596568101003
-0.00811735008457895
-0.0272178189482926
-0.999596568101003
-0.00811735008457895
0.0826735792471927
0.996271622978836
0.0246562880737219
0.0826735792471927
0.996271622978836
0.0246562880737219
0.0826735792471927
0.996271622978836
0.0246562880737219
-0.958290123058165
0
-0.285797200912057
-0.958290123058165
0
-0.285797200912057
-0.958290123058165
0
-0.285797200912057
0.843355841899555
0
-0.537355491210327
0.843355841899555
0
-0.537355491210327
0.843355841899555
0
-0.537355491210327
-0.958290123058165
0
-0.285797200912057
-0.958290123058165
0
-0.285797200912057
-0.958290123058165
0
-0.285797200912057
-0.74593766056133
0
0.666015770501187
-0.74593766056133
0
0.666015770501187
-0.74593766056133
0
0.666015770501187
-0.3891692394558
-0.918671548715364
0.0677487169052627
-0.3891692394558
-0.918671548715364
0.0677487169052627
-0.3891692394558
-0.918671548715364
0.0677487169052627
0
0.940334412462358
0.340251660890982
0
0.940334412462358
0.340251660890982
0
0.940334412462358
0.340251660890982
-0.422798120778881
0.82385482151771
0.377498320695429
-0.422798120778881
0.82385482151771
0.377498320695429
-0.422798120778881
0.82385482151771
0.377498320695429
0.255554601170171
0
-0.966794624426902
0.255554601170171
0
-0.966794624426902
0.255554601170171
0
-0.966794624426902
0.019164606940029
0.994097496889211
-0.106784289665844
0.019164606940029
0.994097496889211
-0.106784289665844
0.019164606940029
0.994097496889211
-0.106784289665844
-0.367242889112361
0.91939896777778
-0.140848139659565
-0.367242889112361
0.91939896777778
-0.140848139659565
-0.367242889112361
0.91939896777778
-0.140848139659565
0
0.961084006868251
0.276256279099803
0
0.961084006868251
0.276256279099803
0
0.961084006868251
0.276256279099803
-0.436560999353398
0.839189468757054
0.324307769519659
-0.436560999353398
0.839189468757054
0.324307769519659
-0.436560999353398
0.839189468757054
0.324307769519659
-0.0973564745271103
-0.995249575165773
0
-0.0973564745271103
-0.995249575165773
0
-0.0973564745271103
-0.995249575165773
0
-0.31890558128761
-0.932768093766134
0.168056280678542
-0.31890558128761
-0.932768093766134
0.168056280678542
-0.31890558128761
-0.932768093766134
0.168056280678542
0
0.961084006868251
0.276256279099803
0
0.961084006868251
0.276256279099803
0
0.961084006868251
0.276256279099803
-0.427028247976588
0.820864926110449
0.379246158202996
-0.427028247976588
0.820864926110449
0.379246158202996
-0.427028247976588
0.820864926110449
0.379246158202996
-0.0770792672307521
0.941318282818023
0.328601090983732
-0.0770792672307521
0.941318282818023
0.328601090983732
-0.0770792672307521
0.941318282818023
0.328601090983732
0
0.961084006868251
0.276256279099803
0
0.961084006868251
0.276256279099803
0
0.961084006868251
0.276256279099803
-0.17764670929676
-0.977639926129872
0.112524759554555
-0.17764670929676
-0.977639926129872
0.112524759554555
-0.17764670929676
-0.977639926129872
0.112524759554555
0.178777239863261
-0.983861569247487
-0.00742368269432195
0.178777239863261
-0.983861569247487
-0.00742368269432195
0.178777239863261
-0.983861569247487
-0.00742368269432195
-0.318902770884512
-0.946905972626348
0.0408668781133488
-0.318902770884512
-0.946905972626348
0.0408668781133488
-0.318902770884512
-0.946905972626348
0.0408668781133488
-0.823503092072627
0
0.567311781427834
-0.823503092072627
0
0.567311781427834
-0.823503092072627
0
0.567311781427834
0.854840362569438
0
0.518891081559658
0.854840362569438
0
0.518891081559658
0.854840362569438
0
0.518891081559658
0.0272178189482926
-0.999596568101003
-0.00811735008457895
0.0272178189482926
-0.999596568101003
-0.00811735008457895
0.0272178189482926
-0.999596568101003
-0.00811735008457895
0.410300479315398
-0.909515508482438
-0.0665962198888816
0.410300479315398
-0.909515508482438
-0.0665962198888816
0.410300479315398
-0.909515508482438
-0.0665962198888816
0.31890558128761
-0.932768093766134
0.168056280678542
0.31890558128761
-0.932768093766134
0.168056280678542
0.31890558128761
-0.932768093766134
0.168056280678542
0.823503092072627
0
0.567311781427834
0.823503092072627
0
0.567311781427834
0.823503092072627
0
0.567311781427834
0.367242889112361
0.91939896777778
-0.140848139659565
0.367242889112361
0.91939896777778
-0.140848139659565
0.367242889112361
0.91939896777778
-0.140848139659565
-0.0867537089450111
0.995674009368891
0.0332725269789102
-0.0867537089450111
0.995674009368891
0.0332725269789102
-0.0867537089450111
0.995674009368891
0.0332725269789102
0.823503092072627
0
0.567311781427834
0.823503092072627
0
0.567311781427834
0.823503092072627
0
0.567311781427834
0.250246599332239
-0.968181917416494
0.000643669458282426
0.250246599332239
-0.968181917416494
0.000643669458282426
0.250246599332239
-0.968181917416494
0.000643669458282426
-0.255554601170171
0
-0.966794624426902
-0.255554601170171
0
-0.966794624426902
-0.255554601170171
0
-0.966794624426902
-0.843355841899555
0
-0.537355491210327
-0.843355841899555
0
-0.537355491210327
-0.843355841899555
0
-0.537355491210327
-0.255554601170171
0
-0.966794624426902
-0.255554601170171
0
-0.966794624426902
-0.255554601170171
0
-0.966794624426902
0.74593766056133
0
0.666015770501187
0.74593766056133
0
0.666015770501187
0.74593766056133
0
0.666015770501187
0.422798120778881
0.82385482151771
0.377498320695429
0.422798120778881
0.82385482151771
0.377498320695429
0.422798120778881
0.82385482151771
0.377498320695429
0.74593766056133
0
0.666015770501187
0.74593766056133
0
0.666015770501187
0.74593766056133
0
0.666015770501187
0.318902770884512
-0.946905972626348
0.0408668781133488
0.318902770884512
-0.946905972626348
0.0408668781133488
0.318902770884512
-0.946905972626348
0.0408668781133488
0.886914082801326
0
0.461934421459024
0.886914082801326
0
0.461934421459024
0.886914082801326
0
0.461934421459024
0.958290123058165
0
-0.285797200912057
0.958290123058165
0
-0.285797200912057
0.958290123058165
0
-0.285797200912057
0.854840362569438
0
0.518891081559658
0.854840362569438
0
0.518891081559658
0.854840362569438
0
0.518891081559658
0.958290123058165
0
-0.285797200912057
0.958290123058165
0
-0.285797200912057
0.958290123058165
0
-0.285797200912057
-0.0826735792471927
0.996271622978836
0.0246562880737219
-0.0826735792471927
0.996271622978836
0.0246562880737219
-0.0826735792471927
0.996271622978836
0.0246562880737219
-0.843355841899555
0
-0.537355491210327
-0.843355841899555
0
-0.537355491210327
-0.843355841899555
0
-0.537355491210327
0.228369340136711
0
0.97357457058282
0.228369340136711
0
0.97357457058282
0.228369340136711
0
0.97357457058282
-0.0111668939900572
-0.999887939109719
-0.00997044139112251
-0.0111668939900572
-0.999887939109719
-0.00997044139112251
-0.0111668939900572
-0.999887939109719
-0.00997044139112251
0.427028247976588
0.820864926110449
0.379246158202996
0.427028247976588
0.820864926110449
0.379246158202996
0.427028247976588
0.820864926110449
0.379246158202996
-0.176647949808336
0
-0.984274098932056
-0.176647949808336
0
-0.984274098932056
-0.176647949808336
0
-0.984274098932056
0.504274479158015
0.858604048566393
-0.0922298078460044
0.504274479158015
0.858604048566393
-0.0922298078460044
0.504274479158015
0.858604048566393
-0.0922298078460044
0
0.961084006868251
0.276256279099803
0
0.961084006868251
0.276256279099803
0
0.961084006868251
0.276256279099803
0.348742780265792
0.873083610665415
0.340739610259693
0.348742780265792
0.873083610665415
0.340739610259693
0.348742780265792
0.873083610665415
0.340739610259693
0.323506690896675
-0.946225882622687
0
0.323506690896675
-0.946225882622687
0
0.323506690896675
-0.946225882622687
0
0.0965056403740434
-0.986551713823747
0.131918070511297
0.0965056403740434
-0.986551713823747
0.131918070511297
0.0965056403740434
-0.986551713823747
0.131918070511297
0
0.940334412462358
0.340251660890982
0
0.940334412462358
0.340251660890982
0
0.940334412462358
0.340251660890982
0.436560999353398
0.839189468757054
0.324307769519659
0.436560999353398
0.839189468757054
0.324307769519659
0.436560999353398
0.839189468757054
0.324307769519659
0.314843561293267
-0.934853123840048
0.164082810673994
0.314843561293267
-0.934853123840048
0.164082810673994
0.314843561293267
-0.934853123840048
0.164082810673994
0.886914082801326
0
0.461934421459024
0.886914082801326
0
0.461934421459024
0.886914082801326
0
0.461934421459024
552
0.75162596
0.70304922
0.77873865
0.34790865
0.66991430
0.49508479
0.75162596
0.70304922
0.60240334
0.51107049
0.60614015
0.70446902
0.75162596
0.70304922
0.58452235
0.88804718
0.62473227
0.88805651
0.16331352
0.66192091
0.30306274
0.83604134
0.23028866
0.62690002
0.23028866
0.62690002
0.16076015
0.48745171
0.16331352
0.66192091
0.23028866
0.62690002
0.30306274
0.83604134
0.36786859
0.65684304
0.38304782
0.33422524
0.18715376
0.3538217
0.35966131
0.43485356
0.66991430
0.49508479
0.60240334
0.51107049
0.75162596
0.70304922
1.00000000
0.79271215
0.84024960
0.86851684
0.92024753
1
0.35966131
0.43485356
0.44897715
0.29927773
0.38304782
0.33422524
0.35966131
0.43485356
0.36786859
0.65684304
0.40944282
0.47018649
0.32256180
0.941847707
0.30306274
0.83604134
0.27933871
0.966712292
0.27933871
0.966712292
0.33503069
0.948017989
0.32256180
0.941847707
0.58393029
0.99936874613
0.58452235
0.88804718
0.56615771
1
0.27933871
0.966712292
0.30306274
0.83604134
0.21512694
0.87579088
0.34866807
0.956085165
0.33503069
0.948017989
0.29780728
1
0.34866807
0.956085165
0.33503069
0.948017989
0.38362189
0.85291439
0.29780728
1
0.33503069
0.948017989
0.29111566
0.98176859
0.54696463
0.99910533277
0.58452235
0.88804718
0.54359004
0.88909893
0.29780728
1
0.33503069
0.948017989
0.34866807
0.956085165
0.54696463
0.99910533277
0.58452235
0.88804718
0.56615771
1
0.48119448
0.49414019
0.44897715
0.29927773
0.40944282
0.47018649
0.48119448
0.49414019
0.36786859
0.65684304
0.43912922
0.67566865
0.48119448
0.49414019
0.44897715
0.29927773
0.52771590
0.31144852
0.48119448
0.49414019
0.36786859
0.65684304
0.40944282
0.47018649
0.52771590
0.31144852
0.44897715
0.29927773
0.48119448
0.49414019
0.52771590
0.52611915
0.60240334
0.51107049
0.53171542
0.7072872
0.43912922
0.67566865
0.36786859
0.65684304
0.48119448
0.49414019
0.53171542
0.7072872
0.60240334
0.51107049
0.52771590
0.52611915
0.53171542
0.7072872
0.58452235
0.88804718
0.60614015
0.70446902
0.53171542
0.7072872
0.60240334
0.51107049
0.60614015
0.70446902
0.53171542
0.7072872
0.58452235
0.88804718
0.54359004
0.88909893
0.11847455
0.51216617
0.16331352
0.66192091
0.16076015
0.48745171
0.84024960
0.57171801
0.77873865
0.34790865
0.75162596
0.70304922
0.84024960
0.86851684
1.00000000
0.79271215
0.90677601
0.64655719
0.16076015
0.48745171
0.0000000e+0
0.3094603
0.11847455
0.51216617
0.17536475
0.40454786
0.35966131
0.43485356
0.18715376
0.3538217
4.2285593e-2
0.28474584
0.0000000e+0
0.3094603
0.16076015
0.48745171
0.29111566
0.98176859
0.33503069
0.948017989
0.27933871
0.966712292
0.56615771
1
0.58452235
0.88804718
0.54696463
0.99910533277
0.33503069
0.948017989
0.38362189
0.85291439
0.34659842
0.84144608
0.33503069
0.948017989
0.30306274
0.83604134
0.32256180
0.941847707
0.40944282
0.47018649
0.44897715
0.29927773
0.35966131
0.43485356
0.40944282
0.47018649
0.36786859
0.65684304
0.48119448
0.49414019
0.36786859
0.65684304
0.35966131
0.43485356
0.23028866
0.62690002
0.36786859
0.65684304
0.38362189
0.85291439
0.43912922
0.67566865
0.36786859
0.65684304
0.30306274
0.83604134
0.34659842
0.84144608
0.60614015
0.70446902
0.60240334
0.51107049
0.53171542
0.7072872
0.60614015
0.70446902
0.58452235
0.88804718
0.75162596
0.70304922
0.34659842
0.84144608
0.38362189
0.85291439
0.36786859
0.65684304
0.34659842
0.84144608
0.30306274
0.83604134
0.33503069
0.948017989
0.38362189
0.85291439
0.33503069
0.948017989
0.34866807
0.956085165
0.38362189
0.85291439
0.36786859
0.65684304
0.43912922
0.67566865
0.54359004
0.88909893
0.58452235
0.88804718
0.53171542
0.7072872
0.54359004
0.88909893
0.58452235
0.88804718
0.54696463
0.99910533277
0.62473227
0.88805651
0.58452235
0.88804718
0.58393029
0.99936874613
0.21512694
0.87579088
0.30306274
0.83604134
0.16331352
0.66192091
0.16331352
0.66192091
0.16076015
0.48745171
0.23028866
0.62690002
0.75162596
0.70304922
0.77873865
0.34790865
0.84024960
0.57171801
0.75162596
0.70304922
0.60240334
0.51107049
0.66991430
0.49508479
0.75162596
0.70304922
0.58452235
0.88804718
0.60614015
0.70446902
0.16331352
0.66192091
0.30306274
0.83604134
0.21512694
0.87579088
0.23028866
0.62690002
0.35966131
0.43485356
0.36786859
0.65684304
0.92024753
1
0.84024960
0.86851684
1.00000000
0.79271215
0.23028866
0.62690002
0.30306274
0.83604134
0.16331352
0.66192091
0.66991430
0.49508479
0.77873865
0.34790865
0.75162596
0.70304922
0.38304782
0.33422524
0.44897715
0.29927773
0.35966131
0.43485356
0.35966131
0.43485356
0.18715376
0.3538217
0.38304782
0.33422524
0.35966131
0.43485356
0.44897715
0.29927773
0.40944282
0.47018649
0.32256180
0.941847707
0.33503069
0.948017989
0.27933871
0.966712292
0.32256180
0.941847707
0.30306274
0.83604134
0.33503069
0.948017989
0.27933871
0.966712292
0.33503069
0.948017989
0.29111566
0.98176859
0.58393029
0.99936874613
0.58452235
0.88804718
0.62473227
0.88805651
0.27933871
0.966712292
0.30306274
0.83604134
0.32256180
0.941847707
0.11847455
0.51216617
0.0000000e+0
0.3094603
0.16076015
0.48745171
0.16076015
0.48745171
0.16331352
0.66192091
0.11847455
0.51216617
0.16076015
0.48745171
0.0000000e+0
0.3094603
4.2285593e-2
0.28474584
0.90677601
0.64655719
1.00000000
0.79271215
0.84024960
0.86851684
0.18715376
0.3538217
0.35966131
0.43485356
0.17536475
0.40454786
0.29111566
0.98176859
0.33503069
0.948017989
0.29780728
1
0.56615771
1
0.58452235
0.88804718
0.58393029
0.99936874613
0.33503069
0.948017989
0.30306274
0.83604134
0.34659842
0.84144608
0.40944282
0.47018649
0.44897715
0.29927773
0.48119448
0.49414019
0.40944282
0.47018649
0.36786859
0.65684304
0.35966131
0.43485356
0.36786859
0.65684304
0.38362189
0.85291439
0.34659842
0.84144608
0.36786859
0.65684304
0.30306274
0.83604134
0.23028866
0.62690002
0.60614015
0.70446902
0.60240334
0.51107049
0.75162596
0.70304922
0.60614015
0.70446902
0.58452235
0.88804718
0.53171542
0.7072872
0.34659842
0.84144608
0.38362189
0.85291439
0.33503069
0.948017989
0.34659842
0.84144608
0.30306274
0.83604134
0.36786859
0.65684304
0.62473227
0.88805651
0.58452235
0.88804718
0.75162596
0.70304922
0.21512694
0.87579088
0.30306274
0.83604134
0.27933871
0.966712292