1584
-0.00168831499756089
-0.423117261725072
-0.243311748705486
0.112555991555819
-0.423117261725072
-0.211735928023349
-0.00168831499756089
-0.423117261725072
-0.00762704993508076
-0.00168831499756089
0.48447280359003
-0.243311748705486
-0.00207935693827789
0.574567822211852
-0.00505230967767202
0.112555991555819
0.48447280359003
-0.211735928023349
-0.00168831499756089
-0.423117261725072
-0.243311748705486
-0.00168831499756089
-0.271851924426918
-0.243311748705486
0.112555991555819
-0.271851924426918
-0.211735928023349
-0.00168831499756089
-0.423117261725072
-0.243311748705486
0.112555991555819
-0.271851924426918
-0.211735928023349
0.112555991555819
-0.423117261725072
-0.211735928023349
-0.00168831499756089
-0.271851924426918
-0.243311748705486
-0.00168831499756089
-0.120587239953372
-0.243311748705486
0.112555991555819
-0.271851924426918
-0.211735928023349
-0.00168831499756089
-0.120587239953372
-0.243311748705486
0.112555991555819
-0.120587239953372
-0.211735928023349
0.112555991555819
-0.271851924426918
-0.211735928023349
-0.00168831499756089
-0.120587239953372
-0.243311748705486
-0.00168831499756089
0.0306780973447832
-0.243311748705486
0.112555991555819
0.0306780973447832
-0.211735928023349
-0.00168831499756089
-0.120587239953372
-0.243311748705486
0.112555991555819
0.0306780973447832
-0.211735928023349
0.112555991555819
-0.120587239953372
-0.211735928023349
-0.00168831499756089
0.0306780973447832
-0.243311748705486
-0.00168831499756089
0.181942781818329
-0.243311748705486
0.112555991555819
0.0306780973447832
-0.211735928023349
-0.00168831499756089
0.181942781818329
-0.243311748705486
0.112555991555819
0.181942781818329
-0.211735928023349
0.112555991555819
0.0306780973447832
-0.211735928023349
-0.00168831499756089
0.181942781818329
-0.243311748705486
-0.00168831499756089
0.333208119116484
-0.243311748705486
0.112555991555819
0.333208119116484
-0.211735928023349
-0.00168831499756089
0.181942781818329
-0.243311748705486
0.112555991555819
0.333208119116484
-0.211735928023349
0.112555991555819
0.181942781818329
-0.211735928023349
-0.00168831499756089
0.333208119116484
-0.243311748705486
-0.00168831499756089
0.48447280359003
-0.243311748705486
0.112555991555819
0.333208119116484
-0.211735928023349
-0.00168831499756089
0.48447280359003
-0.243311748705486
0.112555991555819
0.48447280359003
-0.211735928023349
0.112555991555819
0.333208119116484
-0.211735928023349
0.112555991555819
-0.423117261725072
-0.211735928023349
0.196188699374373
-0.423117261725072
-0.125469072907979
-0.00168831499756089
-0.423117261725072
-0.00762704993508076
0.112555991555819
0.48447280359003
-0.211735928023349
-0.00207935693827789
0.574567822211852
-0.00505230967767202
0.196188699374373
0.48447280359003
-0.125469072907979
0.112555991555819
-0.423117261725072
-0.211735928023349
0.112555991555819
-0.271851924426918
-0.211735928023349
0.196188699374373
-0.423117261725072
-0.125469072907979
0.112555991555819
-0.271851924426918
-0.211735928023349
0.196188699374373
-0.271851924426918
-0.125469072907979
0.196188699374373
-0.423117261725072
-0.125469072907979
0.112555991555819
-0.271851924426918
-0.211735928023349
0.112555991555819
-0.120587239953372
-0.211735928023349
0.196188699374373
-0.0326178182580514
-0.130098905034131
0.112555991555819
-0.271851924426918
-0.211735928023349
0.196188699374373
-0.0326178182580514
-0.130098905034131
0.196188699374373
-0.271851924426918
-0.125469072907979
0.112555991555819
-0.120587239953372
-0.211735928023349
0.112555991555819
0.0306780973447832
-0.211735928023349
0.196188699374373
-0.0326178182580514
-0.130098905034131
0.112555991555819
0.0306780973447832
-0.211735928023349
0.363579457336385
-0.0978480531769869
-0.0884297630741552
0.196188699374373
-0.0326178182580514
-0.130098905034131
0.112555991555819
0.0306780973447832
-0.211735928023349
0.112555991555819
0.181942781818329
-0.211735928023349
0.196188699374373
0.181942781818329
-0.125469072907979
0.112555991555819
0.0306780973447832
-0.211735928023349
0.196188699374373
0.181942781818329
-0.125469072907979
0.363579457336385
-0.0978480531769869
-0.0884297630741552
0.112555991555819
0.181942781818329
-0.211735928023349
0.112555991555819
0.333208119116484
-0.211735928023349
0.196188699374373
0.181942781818329
-0.125469072907979
0.112555991555819
0.333208119116484
-0.211735928023349
0.196188699374373
0.333208119116484
-0.125469072907979
0.196188699374373
0.181942781818329
-0.125469072907979
0.112555991555819
0.333208119116484
-0.211735928023349
0.112555991555819
0.48447280359003
-0.211735928023349
0.196188699374373
0.48447280359003
-0.125469072907979
0.112555991555819
0.333208119116484
-0.211735928023349
0.196188699374373
0.48447280359003
-0.125469072907979
0.196188699374373
0.333208119116484
-0.125469072907979
0.196188699374373
-0.423117261725072
-0.125469072907979
0.255349623904584
-0.423117261725072
-0.00762704993508076
-0.00168831499756089
-0.423117261725072
-0.00762704993508076
0.196188699374373
0.48447280359003
-0.125469072907979
-0.00207935693827789
0.574567822211852
-0.00505230967767202
0.228892600980648
0.486565106461479
-0.00762704993508076
0.196188699374373
-0.423117261725072
-0.125469072907979
0.196188699374373
-0.271851924426918
-0.125469072907979
0.226800298109199
-0.271851924426918
-0.00762704993508076
0.196188699374373
-0.423117261725072
-0.125469072907979
0.226800298109199
-0.271851924426918
-0.00762704993508076
0.255349623904584
-0.423117261725072
-0.00762704993508076
0.196188699374373
-0.271851924426918
-0.125469072907979
0.196188699374373
-0.0326178182580514
-0.130098905034131
0.226800298109199
-0.271851924426918
-0.00762704993508076
0.196188699374373
-0.0326178182580514
-0.130098905034131
0.226800298109199
-0.0326178182580514
-0.0122568820612326
0.226800298109199
-0.271851924426918
-0.00762704993508076
0.196188699374373
-0.0326178182580514
-0.130098905034131
0.363579457336385
-0.0978480531769869
-0.0884297630741552
0.362805860174866
-0.0978480531769869
0.0294129127233516
0.196188699374373
-0.0326178182580514
-0.130098905034131
0.362805860174866
-0.0978480531769869
0.0294129127233516
0.226800298109199
-0.0326178182580514
-0.0122568820612326
0.363579457336385
-0.0978480531769869
-0.0884297630741552
0.196188699374373
0.181942781818329
-0.125469072907979
0.362805860174866
-0.0978480531769869
0.0294129127233516
0.196188699374373
0.181942781818329
-0.125469072907979
0.226800298109199
0.181942781818329
-0.00762704993508076
0.362805860174866
-0.0978480531769869
0.0294129127233516
0.196188699374373
0.181942781818329
-0.125469072907979
0.196188699374373
0.333208119116484
-0.125469072907979
0.226800298109199
0.333208119116484
-0.00762704993508076
0.196188699374373
0.181942781818329
-0.125469072907979
0.226800298109199
0.333208119116484
-0.00762704993508076
0.226800298109199
0.181942781818329
-0.00762704993508076
0.196188699374373
0.333208119116484
-0.125469072907979
0.196188699374373
0.48447280359003
-0.125469072907979
0.226800298109199
0.333208119116484
-0.00762704993508076
0.196188699374373
0.48447280359003
-0.125469072907979
0.228892600980648
0.486565106461479
-0.00762704993508076
0.226800298109199
0.333208119116484
-0.00762704993508076
0.255349623904584
-0.423117261725072
-0.00762704993508076
0.295292044774081
-0.423117261725072
0.168597730634248
-0.00168831499756089
-0.423117261725072
-0.00762704993508076
0.228892600980648
0.486565106461479
-0.00762704993508076
-0.00207935693827789
0.574567822211852
-0.00505230967767202
0.198281002245822
0.486565106461479
0.110215625862426
0.255349623904584
-0.423117261725072
-0.00762704993508076
0.226800298109199
-0.271851924426918
-0.00762704993508076
0.295292044774081
-0.425432177788148
0.170731161456056
0.226800298109199
-0.271851924426918
-0.00762704993508076
0.196188699374373
-0.271851924426918
0.110215625862426
0.295292044774081
-0.425432177788148
0.170731161456056
0.226800298109199
-0.271851924426918
-0.00762704993508076
0.226800298109199
-0.0326178182580514
-0.0122568820612326
0.196188699374373
-0.0326178182580514
0.105585793736274
0.226800298109199
-0.271851924426918
-0.00762704993508076
0.196188699374373
-0.0326178182580514
0.105585793736274
0.196188699374373
-0.271851924426918
0.110215625862426
0.226800298109199
-0.0326178182580514
-0.0122568820612326
0.362805860174866
-0.0978480531769869
0.0294129127233516
0.196188699374373
-0.0326178182580514
0.105585793736274
0.362805860174866
-0.0978480531769869
0.0294129127233516
0.196188699374373
0.0306780973447832
0.110215625862426
0.196188699374373
-0.0326178182580514
0.105585793736274
0.362805860174866
-0.0978480531769869
0.0294129127233516
0.226800298109199
0.181942781818329
-0.00762704993508076
0.196188699374373
0.181942781818329
0.110215625862426
0.362805860174866
-0.0978480531769869
0.0294129127233516
0.196188699374373
0.181942781818329
0.110215625862426
0.196188699374373
0.0306780973447832
0.110215625862426
0.226800298109199
0.181942781818329
-0.00762704993508076
0.226800298109199
0.333208119116484
-0.00762704993508076
0.196188699374373
0.181942781818329
0.110215625862426
0.226800298109199
0.333208119116484
-0.00762704993508076
0.196188699374373
0.333208119116484
0.110215625862426
0.196188699374373
0.181942781818329
0.110215625862426
0.226800298109199
0.333208119116484
-0.00762704993508076
0.228892600980648
0.486565106461479
-0.00762704993508076
0.198281002245822
0.486565106461479
0.110215625862426
0.226800298109199
0.333208119116484
-0.00762704993508076
0.198281002245822
0.486565106461479
0.110215625862426
0.196188699374373
0.333208119116484
0.110215625862426
0.295292044774081
-0.423117261725072
0.168597730634248
0.277921687581096
-0.423117261725072
0.214589877154203
-0.00168831499756089
-0.423117261725072
-0.00762704993508076
0.198281002245822
0.486565106461479
0.110215625862426
-0.00207935693827789
0.574567822211852
-0.00505230967767202
0.116817630602564
0.486565106461479
0.196481828153188
0.295292044774081
-0.425432177788148
0.170731161456056
0.196188699374373
-0.271851924426918
0.110215625862426
0.114725327731115
-0.271851924426918
0.196481828153188
0.217080392507637
-0.423117261725072
0.237497492679678
0.114725327731115
-0.271851924426918
0.196481828153188
0.102862851763221
-0.423117261725072
0.236938021989871
0.196188699374373
-0.271851924426918
0.110215625862426
0.196188699374373
-0.0326178182580514
0.105585793736274
0.114725327731115
-0.271851924426918
0.196481828153188
0.196188699374373
-0.0326178182580514
0.105585793736274
0.114725327731115
-0.120587239953372
0.196481828153188
0.114725327731115
-0.271851924426918
0.196481828153188
0.196188699374373
-0.0326178182580514
0.105585793736274
0.196188699374373
0.0306780973447832
0.110215625862426
0.116817630602564
0.0306780973447832
0.196481828153188
0.196188699374373
-0.0326178182580514
0.105585793736274
0.116817630602564
0.0306780973447832
0.196481828153188
0.114725327731115
-0.120587239953372
0.196481828153188
0.196188699374373
0.0306780973447832
0.110215625862426
0.196188699374373
0.181942781818329
0.110215625862426
0.116817630602564
0.0306780973447832
0.196481828153188
0.196188699374373
0.181942781818329
0.110215625862426
0.116817630602564
0.181942781818329
0.196481828153188
0.116817630602564
0.0306780973447832
0.196481828153188
0.196188699374373
0.181942781818329
0.110215625862426
0.196188699374373
0.333208119116484
0.110215625862426
0.116817630602564
0.333208119116484
0.196481828153188
0.196188699374373
0.181942781818329
0.110215625862426
0.116817630602564
0.333208119116484
0.196481828153188
0.116817630602564
0.181942781818329
0.196481828153188
0.196188699374373
0.333208119116484
0.110215625862426
0.198281002245822
0.486565106461479
0.110215625862426
0.116817630602564
0.333208119116484
0.196481828153188
0.198281002245822
0.486565106461479
0.110215625862426
0.116817630602564
0.486565106461479
0.196481828153188
0.116817630602564
0.333208119116484
0.196481828153188
0.102827599234342
-0.423117261725072
0.236938021989871
-0.00168831499756089
-0.423117261725072
0.228057648835324
-0.00168831499756089
-0.423117261725072
-0.00762704993508076
0.116817630602564
0.486565106461479
0.196481828153188
-0.00207935693827789
0.574567822211852
-0.00505230967767202
0.00040398787388815
0.486565106461479
0.228057648835324
0.102862851763221
-0.423117261725072
0.236938021989871
0.114725327731115
-0.271851924426918
0.196481828153188
-0.00168831499756089
-0.423117261725072
0.228057648835324
0.114725327731115
-0.271851924426918
0.196481828153188
-0.00168831499756089
-0.271851924426918
0.228057648835324
-0.00168831499756089
-0.423117261725072
0.228057648835324
0.114725327731115
-0.271851924426918
0.196481828153188
0.114725327731115
-0.120587239953372
0.196481828153188
-0.00168831499756089
-0.120587239953372
0.228057648835324
0.114725327731115
-0.271851924426918
0.196481828153188
-0.00168831499756089
-0.120587239953372
0.228057648835324
-0.00168831499756089
-0.271851924426918
0.228057648835324
0.114725327731115
-0.120587239953372
0.196481828153188
0.116817630602564
0.0306780973447832
0.196481828153188
-0.00168831499756089
-0.120587239953372
0.228057648835324
0.116817630602564
0.0306780973447832
0.196481828153188
0.00040398787388815
0.0306780973447832
0.228057648835324
-0.00168831499756089
-0.120587239953372
0.228057648835324
0.116817630602564
0.0306780973447832
0.196481828153188
0.116817630602564
0.181942781818329
0.196481828153188
0.00040398787388815
0.235187156918293
0.36232669744138
0.116817630602564
0.0306780973447832
0.196481828153188
0.00040398787388815
0.235187156918293
0.36232669744138
0.00040398787388815
0.0306780973447832
0.228057648835324
0.116817630602564
0.181942781818329
0.196481828153188
0.116817630602564
0.333208119116484
0.196481828153188
0.00040398787388815
0.235187156918293
0.36232669744138
0.116817630602564
0.333208119116484
0.196481828153188
0.00040398787388815
0.333208119116484
0.228057648835324
0.00040398787388815
0.235187156918293
0.36232669744138
0.116817630602564
0.333208119116484
0.196481828153188
0.116817630602564
0.486565106461479
0.196481828153188
0.00040398787388815
0.486565106461479
0.228057648835324
0.116817630602564
0.333208119116484
0.196481828153188
0.00040398787388815
0.486565106461479
0.228057648835324
0.00040398787388815
0.333208119116484
0.228057648835324
-0.00168831499756089
-0.423117261725072
0.228057648835324
-0.0934911227962037
-0.423117261725072
0.239106705340558
-0.00168831499756089
-0.423117261725072
-0.00762704993508076
0.00040398787388815
0.486565106461479
0.228057648835324
-0.00207935693827789
0.574567822211852
-0.00505230967767202
-0.113840318679492
0.486565106461479
0.196481828153188
-0.00168831499756089
-0.423117261725072
0.228057648835324
-0.00168831499756089
-0.271851924426918
0.228057648835324
-0.115932621550941
-0.271851924426918
0.196481828153188
-0.00168831499756089
-0.423117261725072
0.228057648835324
-0.115932621550941
-0.271851924426918
0.196481828153188
-0.0934911227962037
-0.423117261725072
0.239106705340558
-0.00168831499756089
-0.271851924426918
0.228057648835324
-0.00168831499756089
-0.120587239953372
0.228057648835324
-0.115932621550941
-0.271851924426918
0.196481828153188
-0.00168831499756089
-0.120587239953372
0.228057648835324
-0.115932621550941
-0.120587239953372
0.196481828153188
-0.115932621550941
-0.271851924426918
0.196481828153188
-0.00168831499756089
-0.120587239953372
0.228057648835324
0.00040398787388815
0.0306780973447832
0.228057648835324
-0.113840318679492
0.0306780973447832
0.196481828153188
-0.00168831499756089
-0.120587239953372
0.228057648835324
-0.113840318679492
0.0306780973447832
0.196481828153188
-0.115932621550941
-0.120587239953372
0.196481828153188
0.00040398787388815
0.0306780973447832
0.228057648835324
0.00040398787388815
0.235187156918293
0.36232669744138
-0.113840318679492
0.0306780973447832
0.196481828153188
0.00040398787388815
0.235187156918293
0.36232669744138
-0.113840318679492
0.181942781818329
0.196481828153188
-0.113840318679492
0.0306780973447832
0.196481828153188
0.00040398787388815
0.235187156918293
0.36232669744138
0.00040398787388815
0.333208119116484
0.228057648835324
-0.113840318679492
0.333208119116484
0.196481828153188
0.00040398787388815
0.235187156918293
0.36232669744138
-0.113840318679492
0.333208119116484
0.196481828153188
-0.113840318679492
0.181942781818329
0.196481828153188
0.00040398787388815
0.333208119116484
0.228057648835324
0.00040398787388815
0.486565106461479
0.228057648835324
-0.113840318679492
0.333208119116484
0.196481828153188
0.00040398787388815
0.486565106461479
0.228057648835324
-0.113840318679492
0.486565106461479
0.196481828153188
-0.113840318679492
0.333208119116484
0.196481828153188
-0.0934911227962037
-0.423117261725072
0.239106705340558
-0.200152218692875
-0.423117261725072
0.225540357143496
-0.00168831499756089
-0.423117261725072
-0.00762704993508076
-0.113840318679492
0.486565106461479
0.196481828153188
-0.00207935693827789
0.574567822211852
-0.00505230967767202
-0.197473026498046
0.486565106461479
0.110215625862426
-0.255651449991898
-0.423117261725072
0.212250806580598
-0.115932621550941
-0.271851924426918
0.196481828153188
-0.298137275537577
-0.423117261725072
0.172935097335623
-0.115932621550941
-0.271851924426918
0.196481828153188
-0.199565329369495
-0.271851924426918
0.110215625862426
-0.298137275537577
-0.423117261725072
0.172935097335623
-0.115932621550941
-0.271851924426918
0.196481828153188
-0.115932621550941
-0.120587239953372
0.196481828153188
-0.187010859316192
-0.00635207294451604
0.0754905792670696
-0.115932621550941
-0.271851924426918
0.196481828153188
-0.187010859316192
-0.00635207294451604
0.0754905792670696
-0.199565329369495
-0.271851924426918
0.110215625862426
-0.115932621550941
-0.120587239953372
0.196481828153188
-0.113840318679492
0.0306780973447832
0.196481828153188
-0.187010859316192
-0.00635207294451604
0.0754905792670696
-0.113840318679492
0.0306780973447832
0.196481828153188
-0.199565329369495
0.0306780973447832
0.110215625862426
-0.187010859316192
-0.00635207294451604
0.0754905792670696
-0.113840318679492
0.0306780973447832
0.196481828153188
-0.113840318679492
0.181942781818329
0.196481828153188
-0.199565329369495
0.181942781818329
0.110215625862426
-0.113840318679492
0.0306780973447832
0.196481828153188
-0.199565329369495
0.181942781818329
0.110215625862426
-0.199565329369495
0.0306780973447832
0.110215625862426
-0.113840318679492
0.181942781818329
0.196481828153188
-0.113840318679492
0.333208119116484
0.196481828153188
-0.199565329369495
0.181942781818329
0.110215625862426
-0.113840318679492
0.333208119116484
0.196481828153188
-0.199565329369495
0.333208119116484
0.110215625862426
-0.199565329369495
0.181942781818329
0.110215625862426
-0.113840318679492
0.333208119116484
0.196481828153188
-0.113840318679492
0.486565106461479
0.196481828153188
-0.197473026498046
0.486565106461479
0.110215625862426
-0.113840318679492
0.333208119116484
0.196481828153188
-0.197473026498046
0.486565106461479
0.110215625862426
-0.199565329369495
0.333208119116484
0.110215625862426
-0.298137275537577
-0.423117261725072
0.172935097335623
-0.253015997045863
-0.423117261725072
-0.00572341337559702
-0.00168831499756089
-0.423117261725072
-0.00762704993508076
-0.197473026498046
0.486565106461479
0.110215625862426
-0.00207935693827789
0.574567822211852
-0.00505230967767202
-0.252827330733898
0.486565106461479
-0.00865067892179905
-0.298137275537577
-0.423117261725072
0.172935097335623
-0.199565329369495
-0.271851924426918
0.110215625862426
-0.230176928104321
-0.271851924426918
-0.00762704993508076
-0.298137275537577
-0.423117261725072
0.172935097335623
-0.230176928104321
-0.271851924426918
-0.00762704993508076
-0.253015997045863
-0.423117261725072
-0.00572341337559702
-0.199565329369495
-0.271851924426918
0.110215625862426
-0.187010859316192
-0.00635207294451604
0.0754905792670696
-0.230176928104321
-0.271851924426918
-0.00762704993508076
-0.187010859316192
-0.00635207294451604
0.0754905792670696
-0.209252593740612
-0.0452610724581617
-0.00762704993508076
-0.230176928104321
-0.271851924426918
-0.00762704993508076
-0.187010859316192
-0.00635207294451604
0.0754905792670696
-0.199565329369495
0.0306780973447832
0.110215625862426
-0.36408953447393
-0.067664707385584
-0.00762704993508076
-0.187010859316192
-0.00635207294451604
0.0754905792670696
-0.36408953447393
-0.067664707385584
-0.00762704993508076
-0.209252593740612
-0.0452610724581617
-0.00762704993508076
-0.199565329369495
0.0306780973447832
0.110215625862426
-0.199565329369495
0.181942781818329
0.110215625862426
-0.36408953447393
-0.067664707385584
-0.00762704993508076
-0.199565329369495
0.181942781818329
0.110215625862426
-0.230176928104321
0.181942781818329
-0.00762704993508076
-0.36408953447393
-0.067664707385584
-0.00762704993508076
-0.199565329369495
0.181942781818329
0.110215625862426
-0.199565329369495
0.333208119116484
0.110215625862426
-0.253015997045863
0.333208119116484
-0.00572341337559702
-0.199565329369495
0.181942781818329
0.110215625862426
-0.253015997045863
0.333208119116484
-0.00572341337559702
-0.230176928104321
0.181942781818329
-0.00762704993508076
-0.199565329369495
0.333208119116484
0.110215625862426
-0.197473026498046
0.486565106461479
0.110215625862426
-0.253015997045863
0.333208119116484
-0.00572341337559702
-0.197473026498046
0.486565106461479
0.110215625862426
-0.252827330733898
0.486565106461479
-0.00865067892179905
-0.253015997045863
0.333208119116484
-0.00572341337559702
-0.253015997045863
-0.423117261725072
-0.00572341337559702
-0.199565329369495
-0.423117261725072
-0.125469072907979
-0.00168831499756089
-0.423117261725072
-0.00762704993508076
-0.252827330733898
0.486565106461479
-0.00865067892179905
-0.00207935693827789
0.574567822211852
-0.00505230967767202
-0.199565329369495
0.48447280359003
-0.132202958748539
-0.253015997045863
-0.423117261725072
-0.00572341337559702
-0.230176928104321
-0.271851924426918
-0.00762704993508076
-0.199565329369495
-0.423117261725072
-0.125469072907979
-0.230176928104321
-0.271851924426918
-0.00762704993508076
-0.199565329369495
-0.271851924426918
-0.125469072907979
-0.199565329369495
-0.423117261725072
-0.125469072907979
-0.230176928104321
-0.271851924426918
-0.00762704993508076
-0.209252593740612
-0.0452610724581617
-0.00762704993508076
-0.178640995005787
-0.0105366786874141
-0.160194119503335
-0.230176928104321
-0.271851924426918
-0.00762704993508076
-0.178640995005787
-0.0105366786874141
-0.160194119503335
-0.199565329369495
-0.271851924426918
-0.125469072907979
-0.209252593740612
-0.0452610724581617
-0.00762704993508076
-0.36408953447393
-0.067664707385584
-0.00762704993508076
-0.178640995005787
-0.0105366786874141
-0.160194119503335
-0.36408953447393
-0.067664707385584
-0.00762704993508076
-0.333477935739104
-0.067664707385584
-0.125469072907979
-0.178640995005787
-0.0105366786874141
-0.160194119503335
-0.36408953447393
-0.067664707385584
-0.00762704993508076
-0.230176928104321
0.181942781818329
-0.00762704993508076
-0.199565329369495
0.181942781818329
-0.125469072907979
-0.36408953447393
-0.067664707385584
-0.00762704993508076
-0.199565329369495
0.181942781818329
-0.125469072907979
-0.333477935739104
-0.067664707385584
-0.125469072907979
-0.230176928104321
0.181942781818329
-0.00762704993508076
-0.253015997045863
0.333208119116484
-0.00572341337559702
-0.199565329369495
0.181942781818329
-0.125469072907979
-0.253015997045863
0.333208119116484
-0.00572341337559702
-0.199565329369495
0.333208119116484
-0.125469072907979
-0.199565329369495
0.181942781818329
-0.125469072907979
-0.253015997045863
0.333208119116484
-0.00572341337559702
-0.252827330733898
0.486565106461479
-0.00865067892179905
-0.199565329369495
0.48447280359003
-0.132202958748539
-0.253015997045863
0.333208119116484
-0.00572341337559702
-0.199565329369495
0.48447280359003
-0.132202958748539
-0.199565329369495
0.333208119116484
-0.125469072907979
-0.199565329369495
-0.423117261725072
-0.125469072907979
-0.115932621550941
-0.423117261725072
-0.211735928023349
-0.00168831499756089
-0.423117261725072
-0.00762704993508076
-0.199565329369495
0.48447280359003
-0.132202958748539
-0.00207935693827789
0.574567822211852
-0.00505230967767202
-0.115932621550941
0.48447280359003
-0.21846981386391
-0.199565329369495
-0.423117261725072
-0.125469072907979
-0.199565329369495
-0.271851924426918
-0.125469072907979
-0.115932621550941
-0.271851924426918
-0.211735928023349
-0.199565329369495
-0.423117261725072
-0.125469072907979
-0.115932621550941
-0.271851924426918
-0.211735928023349
-0.115932621550941
-0.423117261725072
-0.211735928023349
-0.199565329369495
-0.271851924426918
-0.125469072907979
-0.178640995005787
-0.0105366786874141
-0.160194119503335
-0.115932621550941
-0.271851924426918
-0.211735928023349
-0.178640995005787
-0.0105366786874141
-0.160194119503335
-0.115932621550941
-0.120587239953372
-0.211735928023349
-0.115932621550941
-0.271851924426918
-0.211735928023349
-0.178640995005787
-0.0105366786874141
-0.160194119503335
-0.333477935739104
-0.067664707385584
-0.125469072907979
-0.115932621550941
0.0306780973447832
-0.211735928023349
-0.178640995005787
-0.0105366786874141
-0.160194119503335
-0.115932621550941
0.0306780973447832
-0.211735928023349
-0.115932621550941
-0.120587239953372
-0.211735928023349
-0.333477935739104
-0.067664707385584
-0.125469072907979
-0.199565329369495
0.181942781818329
-0.125469072907979
-0.115932621550941
0.0306780973447832
-0.211735928023349
-0.199565329369495
0.181942781818329
-0.125469072907979
-0.115932621550941
0.181942781818329
-0.211735928023349
-0.115932621550941
0.0306780973447832
-0.211735928023349
-0.199565329369495
0.181942781818329
-0.125469072907979
-0.199565329369495
0.333208119116484
-0.125469072907979
-0.115932621550941
0.333208119116484
-0.211735928023349
-0.199565329369495
0.181942781818329
-0.125469072907979
-0.115932621550941
0.333208119116484
-0.211735928023349
-0.115932621550941
0.181942781818329
-0.211735928023349
-0.199565329369495
0.333208119116484
-0.125469072907979
-0.199565329369495
0.48447280359003
-0.132202958748539
-0.115932621550941
0.333208119116484
-0.211735928023349
-0.199565329369495
0.48447280359003
-0.132202958748539
-0.115932621550941
0.48447280359003
-0.21846981386391
-0.115932621550941
0.333208119116484
-0.211735928023349
-0.115932621550941
-0.423117261725072
-0.211735928023349
-0.00168831499756089
-0.423117261725072
-0.243311748705486
-0.00168831499756089
-0.423117261725072
-0.00762704993508076
-0.115932621550941
0.48447280359003
-0.21846981386391
-0.00207935693827789
0.574567822211852
-0.00505230967767202
-0.00168831499756089
0.48447280359003
-0.243311748705486
-0.115932621550941
-0.423117261725072
-0.211735928023349
-0.115932621550941
-0.271851924426918
-0.211735928023349
-0.00168831499756089
-0.423117261725072
-0.243311748705486
-0.115932621550941
-0.271851924426918
-0.211735928023349
-0.00168831499756089
-0.271851924426918
-0.243311748705486
-0.00168831499756089
-0.423117261725072
-0.243311748705486
-0.115932621550941
-0.271851924426918
-0.211735928023349
-0.115932621550941
-0.120587239953372
-0.211735928023349
-0.00168831499756089
-0.120587239953372
-0.243311748705486
-0.115932621550941
-0.271851924426918
-0.211735928023349
-0.00168831499756089
-0.120587239953372
-0.243311748705486
-0.00168831499756089
-0.271851924426918
-0.243311748705486
-0.115932621550941
-0.120587239953372
-0.211735928023349
-0.115932621550941
0.0306780973447832
-0.211735928023349
-0.00168831499756089
-0.120587239953372
-0.243311748705486
-0.115932621550941
0.0306780973447832
-0.211735928023349
-0.00168831499756089
0.0306780973447832
-0.243311748705486
-0.00168831499756089
-0.120587239953372
-0.243311748705486
-0.115932621550941
0.0306780973447832
-0.211735928023349
-0.115932621550941
0.181942781818329
-0.211735928023349
-0.00168831499756089
0.181942781818329
-0.243311748705486
-0.115932621550941
0.0306780973447832
-0.211735928023349
-0.00168831499756089
0.181942781818329
-0.243311748705486
-0.00168831499756089
0.0306780973447832
-0.243311748705486
-0.115932621550941
0.181942781818329
-0.211735928023349
-0.115932621550941
0.333208119116484
-0.211735928023349
-0.00168831499756089
0.181942781818329
-0.243311748705486
-0.115932621550941
0.333208119116484
-0.211735928023349
-0.00168831499756089
0.333208119116484
-0.243311748705486
-0.00168831499756089
0.181942781818329
-0.243311748705486
-0.115932621550941
0.333208119116484
-0.211735928023349
-0.115932621550941
0.48447280359003
-0.21846981386391
-0.00168831499756089
0.48447280359003
-0.243311748705486
-0.115932621550941
0.333208119116484
-0.211735928023349
-0.00168831499756089
0.48447280359003
-0.243311748705486
-0.00168831499756089
0.333208119116484
-0.243311748705486
0.277921687581096
-0.423117261725072
0.214589877154203
0.218108591266618
-0.423117261725072
0.239630923501486
-0.00168831499756089
-0.423117261725072
-0.00762704993508076
0.275829384709647
-0.423117261725072
0.216723307976011
0.295292044774081
-0.425432177788148
0.170731161456056
0.114725327731115
-0.271851924426918
0.196481828153188
-0.200152218692875
-0.423117261725072
0.225540357143496
-0.255651449991898
-0.423117261725072
0.212250806580598
-0.00168831499756089
-0.423117261725072
-0.00762704993508076
-0.200152218692875
-0.423117261725072
0.225540357143496
-0.0934911227962037
-0.423117261725072
0.239106705340558
-0.115932621550941
-0.271851924426918
0.196481828153188
-0.255651449991898
-0.423117261725072
0.212250806580598
-0.200152218692875
-0.423117261725072
0.225540357143496
-0.115932621550941
-0.271851924426918
0.196481828153188
-0.255651449991898
-0.423117261725072
0.212250806580598
-0.298137275537577
-0.423117261725072
0.172935097335623
-0.00168831499756089
-0.423117261725072
-0.00762704993508076
0.218108591266618
-0.423117261725072
0.239630923501486
0.102827599234342
-0.423117261725072
0.236938021989871
-0.00168831499756089
-0.423117261725072
-0.00762704993508076
0.217080392507637
-0.423117261725072
0.237497492679678
0.275829384709647
-0.423117261725072
0.216723307976011
0.114725327731115
-0.271851924426918
0.196481828153188
1584
0
-1
0
0
-1
0
0
-1
0
0.0103129945408075
0.935316504889404
-0.353661812788815
0.00671400041989024
0.99997406253788
-0.00260700016304049
0.182330010044469
0.934355051473154
-0.306164016866423
0.26639988774324
0
-0.963862593843328
0.26639988774324
0
-0.963862593843328
0.507100945366215
-0.00174299981221357
-0.86188490714268
0.26639988774324
0
-0.963862593843328
0.507100945366215
-0.00174299981221357
-0.86188490714268
0.510079984052605
0
-0.860126973108561
0.26639988774324
0
-0.963862593843328
0.26639988774324
0
-0.963862593843328
0.507100945366215
-0.00174299981221357
-0.86188490714268
0.26639988774324
0
-0.963862593843328
0.498172099717126
0
-0.867078173559587
0.507100945366215
-0.00174299981221357
-0.86188490714268
0.26639988774324
0
-0.963862593843328
0.26639988774324
0
-0.963862593843328
0.387369960041048
-0.0944649902555117
-0.917071905399911
0.26639988774324
0
-0.963862593843328
0.387369960041048
-0.0944649902555117
-0.917071905399911
0.498172099717126
0
-0.867078173559587
0.26639988774324
0
-0.963862593843328
0.26639988774324
0
-0.963862593843328
0.387369960041048
-0.0944649902555117
-0.917071905399911
0.26639988774324
0
-0.963862593843328
0.510079984052605
0
-0.860126973108561
0.387369960041048
-0.0944649902555117
-0.917071905399911
0.26639988774324
0
-0.963862593843328
0.26639988774324
0
-0.963862593843328
0.510079984052605
0
-0.860126973108561
0.26639988774324
0
-0.963862593843328
0.510079984052605
0
-0.860126973108561
0.510079984052605
0
-0.860126973108561
0.26639988774324
0
-0.963862593843328
0.26639988774324
0
-0.963862593843328
0.510079984052605
0
-0.860126973108561
0.26639988774324
0
-0.963862593843328
0.510079984052605
0
-0.860126973108561
0.510079984052605
0
-0.860126973108561
0
-1
0
0
-1
0
0
-1
0
0.182330010044469
0.934355051473154
-0.306164016866423
0.00671400041989024
0.99997406253788
-0.00260700016304049
0.310238016955439
0.932161050945399
-0.186623010199508
0.510079984052605
0
-0.860126973108561
0.507100945366215
-0.00174299981221357
-0.86188490714268
0.84342077608826
0.0427019886634562
-0.535553857820913
0.507100945366215
-0.00174299981221357
-0.86188490714268
0.871747818149501
-0.00474099901100637
-0.489931897798012
0.84342077608826
0.0427019886634562
-0.535553857820913
0.507100945366215
-0.00174299981221357
-0.86188490714268
0.498172099717126
0
-0.867078173559587
0.599649103205316
-0.540608093043797
-0.590054101553925
0.507100945366215
-0.00174299981221357
-0.86188490714268
0.599649103205316
-0.540608093043797
-0.590054101553925
0.871747818149501
-0.00474099901100637
-0.489931897798012
0.498172099717126
0
-0.867078173559587
0.387369960041048
-0.0944649902555117
-0.917071905399911
0.599649103205316
-0.540608093043797
-0.590054101553925
0.387369960041048
-0.0944649902555117
-0.917071905399911
0.420360239558114
-0.590868336728575
-0.688601392425438
0.599649103205316
-0.540608093043797
-0.590054101553925
0.387369960041048
-0.0944649902555117
-0.917071905399911
0.510079984052605
0
-0.860126973108561
0.856867719708332
0.149815950993413
-0.493287838639655
0.387369960041048
-0.0944649902555117
-0.917071905399911
0.856867719708332
0.149815950993413
-0.493287838639655
0.420360239558114
-0.590868336728575
-0.688601392425438
0.510079984052605
0
-0.860126973108561
0.510079984052605
0
-0.860126973108561
0.856867719708332
0.149815950993413
-0.493287838639655
0.510079984052605
0
-0.860126973108561
0.871755024675462
0
-0.489942013868054
0.856867719708332
0.149815950993413
-0.493287838639655
0.510079984052605
0
-0.860126973108561
0.510079984052605
0
-0.860126973108561
0.869736921723246
-0.00339599969435834
-0.493503955584399
0.510079984052605
0
-0.860126973108561
0.869736921723246
-0.00339599969435834
-0.493503955584399
0.871755024675462
0
-0.489942013868054
0
-1
0
0
-1
0
0
-1
0
0.310238016955439
0.932161050945399
-0.186623010199508
0.00671400041989024
0.99997406253788
-0.00260700016304049
0.355911976779592
0.934453939034358
-0.0110679992779016
0.84342077608826
0.0427019886634562
-0.535553857820913
0.871747818149501
-0.00474099901100637
-0.489931897798012
0.987964781771447
0.123584972701689
-0.0930179794535398
0.84342077608826
0.0427019886634562
-0.535553857820913
0.987964781771447
0.123584972701689
-0.0930179794535398
0.927604874143507
0.175072976246275
-0.32999795522621
0.871747818149501
-0.00474099901100637
-0.489931897798012
0.599649103205316
-0.540608093043797
-0.590054101553925
0.987964781771447
0.123584972701689
-0.0930179794535398
0.599649103205316
-0.540608093043797
-0.590054101553925
0.514326893677584
-0.857566822722518
0.00685499858292456
0.987964781771447
0.123584972701689
-0.0930179794535398
0.599649103205316
-0.540608093043797
-0.590054101553925
0.420360239558114
-0.590868336728575
-0.688601392425438
0.690632734094708
-0.444335828923185
0.570606780306732
0.599649103205316
-0.540608093043797
-0.590054101553925
0.690632734094708
-0.444335828923185
0.570606780306732
0.514326893677584
-0.857566822722518
0.00685499858292456
0.420360239558114
-0.590868336728575
-0.688601392425438
0.856867719708332
0.149815950993413
-0.493287838639655
0.690632734094708
-0.444335828923185
0.570606780306732
0.856867719708332
0.149815950993413
-0.493287838639655
0.974410378977015
0.224771087420124
-0.00154000059895178
0.690632734094708
-0.444335828923185
0.570606780306732
0.856867719708332
0.149815950993413
-0.493287838639655
0.871755024675462
0
-0.489942013868054
0.999984855888693
-0.00511099926343606
-0.00204099970586441
0.856867719708332
0.149815950993413
-0.493287838639655
0.999984855888693
-0.00511099926343606
-0.00204099970586441
0.974410378977015
0.224771087420124
-0.00154000059895178
0.871755024675462
0
-0.489942013868054
0.869736921723246
-0.00339599969435834
-0.493503955584399
0.999984855888693
-0.00511099926343606
-0.00204099970586441
0.869736921723246
-0.00339599969435834
-0.493503955584399
0.999873590087408
-0.0136419944072677
-0.00816699665182199
0.999984855888693
-0.00511099926343606
-0.00204099970586441
0
-1
0
0
-1
0
0
-1
0
0.355911976779592
0.934453939034358
-0.0110679992779016
0.00671400041989024
0.99997406253788
-0.00260700016304049
0.311512956823528
0.934543870469892
0.172009976158989
0.927604874143507
0.175072976246275
-0.32999795522621
0.987964781771447
0.123584972701689
-0.0930179794535398
0.800863110065027
0.560781077069831
0.210102028874954
0.987964781771447
0.123584972701689
-0.0930179794535398
0.827939120129421
0.324061047019479
0.457713066411653
0.800863110065027
0.560781077069831
0.210102028874954
0.987964781771447
0.123584972701689
-0.0930179794535398
0.514326893677584
-0.857566822722518
0.00685499858292456
0.76317786044302
-0.158338971045663
0.626488885438373
0.987964781771447
0.123584972701689
-0.0930179794535398
0.76317786044302
-0.158338971045663
0.626488885438373
0.827939120129421
0.324061047019479
0.457713066411653
0.514326893677584
-0.857566822722518
0.00685499858292456
0.690632734094708
-0.444335828923185
0.570606780306732
0.76317786044302
-0.158338971045663
0.626488885438373
0.690632734094708
-0.444335828923185
0.570606780306732
0.587021073050374
-0.029743003701294
0.809025100677112
0.76317786044302
-0.158338971045663
0.626488885438373
0.690632734094708
-0.444335828923185
0.570606780306732
0.974410378977015
0.224771087420124
-0.00154000059895178
0.8171957491046
0.0594899817353886
0.573281823991041
0.690632734094708
-0.444335828923185
0.570606780306732
0.8171957491046
0.0594899817353886
0.573281823991041
0.587021073050374
-0.029743003701294
0.809025100677112
0.974410378977015
0.224771087420124
-0.00154000059895178
0.999984855888693
-0.00511099926343606
-0.00204099970586441
0.8171957491046
0.0594899817353886
0.573281823991041
0.999984855888693
-0.00511099926343606
-0.00204099970586441
0.878057889912182
-0.0059899992489949
0.478516940005225
0.8171957491046
0.0594899817353886
0.573281823991041
0.999984855888693
-0.00511099926343606
-0.00204099970586441
0.999873590087408
-0.0136419944072677
-0.00816699665182199
0.876476329035849
-0.00940000352883249
0.481353180703628
0.999984855888693
-0.00511099926343606
-0.00204099970586441
0.876476329035849
-0.00940000352883249
0.481353180703628
0.878057889912182
-0.0059899992489949
0.478516940005225
0
-1
0
0
-1
0
0
-1
0
0.311512956823528
0.934543870469892
0.172009976158989
0.00671400041989024
0.99997406253788
-0.00260700016304049
0.180956019907697
0.935990102972021
0.301956033219393
0.800863110065027
0.560781077069831
0.210102028874954
0.827939120129421
0.324061047019479
0.457713066411653
0.41404510335685
0.255580063799693
0.873639218083964
0.150440037735632
0.352267088360926
0.923729231703651
0.41404510335685
0.255580063799693
0.873639218083964
-0.0432189824243345
0.261288893742843
0.964292607855544
0.827939120129421
0.324061047019479
0.457713066411653
0.76317786044302
-0.158338971045663
0.626488885438373
0.41404510335685
0.255580063799693
0.873639218083964
0.76317786044302
-0.158338971045663
0.626488885438373
0.526372247894805
-0.00364900171849594
0.850246400423211
0.41404510335685
0.255580063799693
0.873639218083964
0.76317786044302
-0.158338971045663
0.626488885438373
0.587021073050374
-0.029743003701294
0.809025100677112
0.59896933451668
-0.0798240445807036
0.79678344499332
0.76317786044302
-0.158338971045663
0.626488885438373
0.59896933451668
-0.0798240445807036
0.79678344499332
0.526372247894805
-0.00364900171849594
0.850246400423211
0.587021073050374
-0.029743003701294
0.809025100677112
0.8171957491046
0.0594899817353886
0.573281823991041
0.59896933451668
-0.0798240445807036
0.79678344499332
0.8171957491046
0.0594899817353886
0.573281823991041
0.778884887406746
0
0.62716690933864
0.59896933451668
-0.0798240445807036
0.79678344499332
0.8171957491046
0.0594899817353886
0.573281823991041
0.878057889912182
-0.0059899992489949
0.478516940005225
0.603584123727515
0.107182021971031
0.790062161953279
0.8171957491046
0.0594899817353886
0.573281823991041
0.603584123727515
0.107182021971031
0.790062161953279
0.778884887406746
0
0.62716690933864
0.878057889912182
-0.0059899992489949
0.478516940005225
0.876476329035849
-0.00940000352883249
0.481353180703628
0.603584123727515
0.107182021971031
0.790062161953279
0.876476329035849
-0.00940000352883249
0.481353180703628
0.513659923044503
0
0.857993871457084
0.603584123727515
0.107182021971031
0.790062161953279
0
-1
0
0
-1
0
0
-1
0
0.180956019907697
0.935990102972021
0.301956033219393
0.00671400041989024
0.99997406253788
-0.00260700016304049
-0.00114599962231698
0.935548691674543
0.353195883598488
-0.0432189824243345
0.261288893742843
0.964292607855544
0.41404510335685
0.255580063799693
0.873639218083964
0.00728499810877467
0.141364963300883
0.989930743008568
0.41404510335685
0.255580063799693
0.873639218083964
-0.00239500031609935
0
0.99999713198263
0.00728499810877467
0.141364963300883
0.989930743008568
0.41404510335685
0.255580063799693
0.873639218083964
0.526372247894805
-0.00364900171849594
0.850246400423211
-0.00239500031609935
0
0.99999713198263
0.41404510335685
0.255580063799693
0.873639218083964
-0.00239500031609935
0
0.99999713198263
-0.00239500031609935
0
0.99999713198263
0.526372247894805
-0.00364900171849594
0.850246400423211
0.59896933451668
-0.0798240445807036
0.79678344499332
-0.00239500031609935
0
0.99999713198263
0.59896933451668
-0.0798240445807036
0.79678344499332
-0.00231599970433834
-0.287915963244507
0.957652877745563
-0.00239500031609935
0
0.99999713198263
0.59896933451668
-0.0798240445807036
0.79678344499332
0.778884887406746
0
0.62716690933864
-0.00332500070110473
0.102793021674785
0.994697209740384
0.59896933451668
-0.0798240445807036
0.79678344499332
-0.00332500070110473
0.102793021674785
0.994697209740384
-0.00231599970433834
-0.287915963244507
0.957652877745563
0.778884887406746
0
0.62716690933864
0.603584123727515
0.107182021971031
0.790062161953279
-0.00332500070110473
0.102793021674785
0.994697209740384
0.603584123727515
0.107182021971031
0.790062161953279
-0.00216700072021798
0.458239152299015
0.88882629540769
-0.00332500070110473
0.102793021674785
0.994697209740384
0.603584123727515
0.107182021971031
0.790062161953279
0.513659923044503
0
0.857993871457084
-0.00239500031609935
0
0.99999713198263
0.603584123727515
0.107182021971031
0.790062161953279
-0.00239500031609935
0
0.99999713198263
-0.00216700072021798
0.458239152299015
0.88882629540769
0
-1
0
0
-1
0
0
-1
0
-0.00114599962231698
0.935548691674543
0.353195883598488
0.00671400041989024
0.99997406253788
-0.00260700016304049
-0.182614078934861
0.934144403783539
0.306637132543776
0.00728499810877467
0.141364963300883
0.989930743008568
-0.00239500031609935
0
0.99999713198263
-0.407512057297422
0.233945032893376
0.882725124113809
0.00728499810877467
0.141364963300883
0.989930743008568
-0.407512057297422
0.233945032893376
0.882725124113809
-0.00380600085640357
0.27070006091131
0.96265621661115
-0.00239500031609935
0
0.99999713198263
-0.00239500031609935
0
0.99999713198263
-0.407512057297422
0.233945032893376
0.882725124113809
-0.00239500031609935
0
0.99999713198263
-0.606952849336416
0.00418899896016701
0.794726802725388
-0.407512057297422
0.233945032893376
0.882725124113809
-0.00239500031609935
0
0.99999713198263
-0.00231599970433834
-0.287915963244507
0.957652877745563
-0.59785672629109
-0.161606926013619
0.785143640547976
-0.00239500031609935
0
0.99999713198263
-0.59785672629109
-0.161606926013619
0.785143640547976
-0.606952849336416
0.00418899896016701
0.794726802725388
-0.00231599970433834
-0.287915963244507
0.957652877745563
-0.00332500070110473
0.102793021674785
0.994697209740384
-0.59785672629109
-0.161606926013619
0.785143640547976
-0.00332500070110473
0.102793021674785
0.994697209740384
-0.769504895383508
0
0.638640913174858
-0.59785672629109
-0.161606926013619
0.785143640547976
-0.00332500070110473
0.102793021674785
0.994697209740384
-0.00216700072021798
0.458239152299015
0.88882629540769
-0.591817817936449
0.109440966332188
0.798607754320741
-0.00332500070110473
0.102793021674785
0.994697209740384
-0.591817817936449
0.109440966332188
0.798607754320741
-0.769504895383508
0
0.638640913174858
-0.00216700072021798
0.458239152299015
0.88882629540769
-0.00239500031609935
0
0.99999713198263
-0.591817817936449
0.109440966332188
0.798607754320741
-0.00239500031609935
0
0.99999713198263
-0.510079984052605
0
0.860126973108561
-0.591817817936449
0.109440966332188
0.798607754320741
0
-1
0
0
-1
0
0
-1
0
-0.182614078934861
0.934144403783539
0.306637132543776
0.00671400041989024
0.99997406253788
-0.00260700016304049
-0.298215032914293
0.931997102865458
0.206032022739962
-0.403786143083058
0.455664161466219
0.793301281109135
-0.407512057297422
0.233945032893376
0.882725124113809
-0.791479900229216
0.527983933444461
0.307883961189382
-0.407512057297422
0.233945032893376
0.882725124113809
-0.809152192624771
0.373341088876657
0.453750108018629
-0.791479900229216
0.527983933444461
0.307883961189382
-0.407512057297422
0.233945032893376
0.882725124113809
-0.606952849336416
0.00418899896016701
0.794726802725388
-0.74960865861855
-0.304735861219359
0.587556732419087
-0.407512057297422
0.233945032893376
0.882725124113809
-0.74960865861855
-0.304735861219359
0.587556732419087
-0.809152192624771
0.373341088876657
0.453750108018629
-0.606952849336416
0.00418899896016701
0.794726802725388
-0.59785672629109
-0.161606926013619
0.785143640547976
-0.74960865861855
-0.304735861219359
0.587556732419087
-0.59785672629109
-0.161606926013619
0.785143640547976
-0.528001288062005
-0.377833206134707
0.760563414941076
-0.74960865861855
-0.304735861219359
0.587556732419087
-0.59785672629109
-0.161606926013619
0.785143640547976
-0.769504895383508
0
0.638640913174858
-0.80464071780732
0.0410139856161312
0.592343792261218
-0.59785672629109
-0.161606926013619
0.785143640547976
-0.80464071780732
0.0410139856161312
0.592343792261218
-0.528001288062005
-0.377833206134707
0.760563414941076
-0.769504895383508
0
0.638640913174858
-0.591817817936449
0.109440966332188
0.798607754320741
-0.80464071780732
0.0410139856161312
0.592343792261218
-0.591817817936449
0.109440966332188
0.798607754320741
-0.821281974475378
0.00560299982586437
0.570494982269587
-0.80464071780732
0.0410139856161312
0.592343792261218
-0.591817817936449
0.109440966332188
0.798607754320741
-0.510079984052605
0
0.860126973108561
-0.822481959083168
0.00792599960569738
0.568735971706524
-0.591817817936449
0.109440966332188
0.798607754320741
-0.822481959083168
0.00792599960569738
0.568735971706524
-0.821281974475378
0.00560299982586437
0.570494982269587
0
-1
0
0
-1
0
0
-1
0
-0.298215032914293
0.931997102865458
0.206032022739962
0.00671400041989024
0.99997406253788
-0.00260700016304049
-0.331139901749978
0.943580720037283
-0.00133799960301223
-0.791479900229216
0.527983933444461
0.307883961189382
-0.809152192624771
0.373341088876657
0.453750108018629
-0.984422789895651
0.153426967254239
-0.0858599816749919
-0.791479900229216
0.527983933444461
0.307883961189382
-0.984422789895651
0.153426967254239
-0.0858599816749919
-0.935908162879387
0.137230023882623
-0.324413056458745
-0.809152192624771
0.373341088876657
0.453750108018629
-0.74960865861855
-0.304735861219359
0.587556732419087
-0.984422789895651
0.153426967254239
-0.0858599816749919
-0.74960865861855
-0.304735861219359
0.587556732419087
-0.698970451021314
-0.708127456930011
0.0999790645130119
-0.984422789895651
0.153426967254239
-0.0858599816749919
-0.74960865861855
-0.304735861219359
0.587556732419087
-0.528001288062005
-0.377833206134707
0.760563414941076
-0.701826207831475
-0.569867168754505
0.427424126572912
-0.74960865861855
-0.304735861219359
0.587556732419087
-0.701826207831475
-0.569867168754505
0.427424126572912
-0.698970451021314
-0.708127456930011
0.0999790645130119
-0.528001288062005
-0.377833206134707
0.760563414941076
-0.80464071780732
0.0410139856161312
0.592343792261218
-0.701826207831475
-0.569867168754505
0.427424126572912
-0.80464071780732
0.0410139856161312
0.592343792261218
-0.985185157638504
0.17149402744059
-6.10000097605513e-05
-0.701826207831475
-0.569867168754505
0.427424126572912
-0.80464071780732
0.0410139856161312
0.592343792261218
-0.821281974475378
0.00560299982586437
0.570494982269587
-0.999196275158209
-0.039548010890713
0.00653900180070729
-0.80464071780732
0.0410139856161312
0.592343792261218
-0.999196275158209
-0.039548010890713
0.00653900180070729
-0.985185157638504
0.17149402744059
-6.10000097605513e-05
-0.821281974475378
0.00560299982586437
0.570494982269587
-0.822481959083168
0.00792599960569738
0.568735971706524
-0.999196275158209
-0.039548010890713
0.00653900180070729
-0.822481959083168
0.00792599960569738
0.568735971706524
-0.999894497884591
0.00150900075138749
0.0144470071937012
-0.999196275158209
-0.039548010890713
0.00653900180070729
0
-1
0
0
-1
0
0
-1
0
-0.331139901749978
0.943580720037283
-0.00133799960301223
0.00671400041989024
0.99997406253788
-0.00260700016304049
-0.293845052831729
0.933585167853494
-0.205119036879278
-0.935908162879387
0.137230023882623
-0.324413056458745
-0.984422789895651
0.153426967254239
-0.0858599816749919
-0.849877799975759
0.0337979920454238
-0.525894876227237
-0.984422789895651
0.153426967254239
-0.0858599816749919
-0.871740726769911
0.00234399926531925
-0.489961846431038
-0.849877799975759
0.0337979920454238
-0.525894876227237
-0.984422789895651
0.153426967254239
-0.0858599816749919
-0.698970451021314
-0.708127456930011
0.0999790645130119
-0.60972021933195
-0.509382183237793
-0.607265218448824
-0.984422789895651
0.153426967254239
-0.0858599816749919
-0.60972021933195
-0.509382183237793
-0.607265218448824
-0.871740726769911
0.00234399926531925
-0.489961846431038
-0.698970451021314
-0.708127456930011
0.0999790645130119
-0.701826207831475
-0.569867168754505
0.427424126572912
-0.60972021933195
-0.509382183237793
-0.607265218448824
-0.701826207831475
-0.569867168754505
0.427424126572912
-0.371872873238786
-0.571095805329178
-0.731819750542815
-0.60972021933195
-0.509382183237793
-0.607265218448824
-0.701826207831475
-0.569867168754505
0.427424126572912
-0.985185157638504
0.17149402744059
-6.10000097605513e-05
-0.829030958076734
0.136750993084639
-0.542223972580277
-0.701826207831475
-0.569867168754505
0.427424126572912
-0.829030958076734
0.136750993084639
-0.542223972580277
-0.371872873238786
-0.571095805329178
-0.731819750542815
-0.985185157638504
0.17149402744059
-6.10000097605513e-05
-0.999196275158209
-0.039548010890713
0.00653900180070729
-0.829030958076734
0.136750993084639
-0.542223972580277
-0.999196275158209
-0.039548010890713
0.00653900180070729
-0.82816809382938
-0.0124700014128201
-0.560341063485245
-0.829030958076734
0.136750993084639
-0.542223972580277
-0.999196275158209
-0.039548010890713
0.00653900180070729
-0.999894497884591
0.00150900075138749
0.0144470071937012
-0.82984781082418
-0.0219759949902539
-0.557556872896841
-0.999196275158209
-0.039548010890713
0.00653900180070729
-0.82984781082418
-0.0219759949902539
-0.557556872896841
-0.82816809382938
-0.0124700014128201
-0.560341063485245
0
-1
0
0
-1
0
0
-1
0
-0.293845052831729
0.933585167853494
-0.205119036879278
0.00671400041989024
0.99997406253788
-0.00260700016304049
-0.170081067034915
0.937087369339003
-0.304860120156067
-0.849877799975759
0.0337979920454238
-0.525894876227237
-0.871740726769911
0.00234399926531925
-0.489961846431038
-0.497739793649817
-0.00451799812695357
-0.867314640433541
-0.849877799975759
0.0337979920454238
-0.525894876227237
-0.497739793649817
-0.00451799812695357
-0.867314640433541
-0.510079984052605
0
-0.860126973108561
-0.871740726769911
0.00234399926531925
-0.489961846431038
-0.60972021933195
-0.509382183237793
-0.607265218448824
-0.497739793649817
-0.00451799812695357
-0.867314640433541
-0.60972021933195
-0.509382183237793
-0.607265218448824
-0.460724188660835
0
-0.887543363437987
-0.497739793649817
-0.00451799812695357
-0.867314640433541
-0.60972021933195
-0.509382183237793
-0.607265218448824
-0.371872873238786
-0.571095805329178
-0.731819750542815
-0.369589842243381
-0.0889509620319571
-0.924927605201673
-0.60972021933195
-0.509382183237793
-0.607265218448824
-0.369589842243381
-0.0889509620319571
-0.924927605201673
-0.460724188660835
0
-0.887543363437987
-0.371872873238786
-0.571095805329178
-0.731819750542815
-0.829030958076734
0.136750993084639
-0.542223972580277
-0.369589842243381
-0.0889509620319571
-0.924927605201673
-0.829030958076734
0.136750993084639
-0.542223972580277
-0.510079984052605
0
-0.860126973108561
-0.369589842243381
-0.0889509620319571
-0.924927605201673
-0.829030958076734
0.136750993084639
-0.542223972580277
-0.82816809382938
-0.0124700014128201
-0.560341063485245
-0.50408869459468
-0.0136839917094672
-0.86354347681673
-0.829030958076734
0.136750993084639
-0.542223972580277
-0.50408869459468
-0.0136839917094672
-0.86354347681673
-0.510079984052605
0
-0.860126973108561
-0.82816809382938
-0.0124700014128201
-0.560341063485245
-0.82984781082418
-0.0219759949902539
-0.557556872896841
-0.50408869459468
-0.0136839917094672
-0.86354347681673
-0.82984781082418
-0.0219759949902539
-0.557556872896841
-0.485692826097958
-0.0388749860808332
-0.873264687328071
-0.50408869459468
-0.0136839917094672
-0.86354347681673
0
-1
0
0
-1
0
0
-1
0
-0.170081067034915
0.937087369339003
-0.304860120156067
0.00671400041989024
0.99997406253788
-0.00260700016304049
0.0103129945408075
0.935316504889404
-0.353661812788815
-0.510079984052605
0
-0.860126973108561
-0.497739793649817
-0.00451799812695357
-0.867314640433541
-0.26639988774324
0
-0.963862593843328
-0.497739793649817
-0.00451799812695357
-0.867314640433541
-0.26639988774324
0
-0.963862593843328
-0.26639988774324
0
-0.963862593843328
-0.497739793649817
-0.00451799812695357
-0.867314640433541
-0.460724188660835
0
-0.887543363437987
-0.26639988774324
0
-0.963862593843328
-0.497739793649817
-0.00451799812695357
-0.867314640433541
-0.26639988774324
0
-0.963862593843328
-0.26639988774324
0
-0.963862593843328
-0.460724188660835
0
-0.887543363437987
-0.369589842243381
-0.0889509620319571
-0.924927605201673
-0.26639988774324
0
-0.963862593843328
-0.369589842243381
-0.0889509620319571
-0.924927605201673
-0.26639988774324
0
-0.963862593843328
-0.26639988774324
0
-0.963862593843328
-0.369589842243381
-0.0889509620319571
-0.924927605201673
-0.510079984052605
0
-0.860126973108561
-0.26639988774324
0
-0.963862593843328
-0.369589842243381
-0.0889509620319571
-0.924927605201673
-0.26639988774324
0
-0.963862593843328
-0.26639988774324
0
-0.963862593843328
-0.510079984052605
0
-0.860126973108561
-0.50408869459468
-0.0136839917094672
-0.86354347681673
-0.26639988774324
0
-0.963862593843328
-0.50408869459468
-0.0136839917094672
-0.86354347681673
-0.26639988774324
0
-0.963862593843328
-0.26639988774324
0
-0.963862593843328
-0.50408869459468
-0.0136839917094672
-0.86354347681673
-0.485692826097958
-0.0388749860808332
-0.873264687328071
-0.239488903066168
-0.0217429911994609
-0.970655607124311
-0.50408869459468
-0.0136839917094672
-0.86354347681673
-0.239488903066168
-0.0217429911994609
-0.970655607124311
-0.26639988774324
0
-0.963862593843328
0
-1
0
0
-1
0
0
-1
0
0.51314192814628
0.625208912453878
0.58804691765756
0.800863110065027
0.560781077069831
0.210102028874954
0.41404510335685
0.255580063799693
0.873639218083964
0
-1
0
0
-1
0
0
-1
0
-0.172344972627312
0.277519955922896
0.945134849888969
-0.00380600085640357
0.27070006091131
0.96265621661115
-0.407512057297422
0.233945032893376
0.882725124113809
-0.403786143083058
0.455664161466219
0.793301281109135
-0.172344972627312
0.277519955922896
0.945134849888969
-0.407512057297422
0.233945032893376
0.882725124113809
0
-1
0
0
-1
0
0
-1
0
0
-1
0
0
-1
0
0
-1
0
0.150440037735632
0.352267088360926
0.923729231703651
0.51314192814628
0.625208912453878
0.58804691765756
0.41404510335685
0.255580063799693
0.873639218083964
1056
0.000000
0
0.000000
0
0.000000
0
0.000000
0
0.000000
0
0.000000
0
0.000000
1
0.000000
0.833333
0.083333
0.833333
0.000000
1
0.083333
0.833333
0.083333
1
0.000000
0.833333
0.000000
0.666667
0.083333
0.833333
0.000000
0.666667
0.083333
0.666667
0.083333
0.833333
0.000000
0.666667
0.000000
0.5
0.083333
0.5
0.000000
0.666667
0.083333
0.5
0.083333
0.666667
0.000000
0.5
0.000000
0.333333
0.083333
0.5
0.000000
0.333333
0.083333
0.333333
0.083333
0.5
0.000000
0.333333
0.000000
0.166667
0.083333
0.166667
0.000000
0.333333
0.083333
0.166667
0.083333
0.333333
0.000000
0.166667
0.000000
0
0.083333
0.166667
0.000000
0
0.083333
0
0.083333
0.166667
0.000000
0
0.000000
0
0.000000
0
0.000000
0
0.000000
0
0.000000
0
0.083333
1
0.083333
0.833333
0.166667
1
0.083333
0.833333
0.166667
0.833333
0.166667
1
0.083333
0.833333
0.083333
0.666667
0.166667
0.666667
0.083333
0.833333
0.166667
0.666667
0.166667
0.833333
0.083333
0.666667
0.083333
0.5
0.166667
0.666667
0.083333
0.5
0.166667
0.5
0.166667
0.666667
0.083333
0.5
0.083333
0.333333
0.166667
0.333333
0.083333
0.5
0.166667
0.333333
0.166667
0.5
0.083333
0.333333
0.083333
0.166667
0.166667
0.333333
0.083333
0.166667
0.166667
0.166667
0.166667
0.333333
0.083333
0.166667
0.083333
0
0.166667
0
0.083333
0.166667
0.166667
0
0.166667
0.166667
0.000000
0
0.000000
0
0.000000
0
0.000000
0
0.000000
0
0.000000
0
0.166667
1
0.166667
0.833333
0.250000
0.833333
0.166667
1
0.250000
0.833333
0.250000
1
0.166667
0.833333
0.166667
0.666667
0.250000
0.833333
0.166667
0.666667
0.250000
0.666667
0.250000
0.833333
0.166667
0.666667
0.166667
0.5
0.250000
0.5
0.166667
0.666667
0.250000
0.5
0.250000
0.666667
0.166667
0.5
0.166667
0.333333
0.250000
0.5
0.166667
0.333333
0.250000
0.333333
0.250000
0.5
0.166667
0.333333
0.166667
0.166667
0.250000
0.166667
0.166667
0.333333
0.250000
0.166667
0.250000
0.333333
0.166667
0.166667
0.166667
0
0.250000
0.166667
0.166667
0
0.250000
0
0.250000
0.166667
0.000000
0
0.000000
0
0.000000
0
0.000000
0
0.000000
0
0.000000
0
0.250000
1
0.250000
0.833333
0.333333
1
0.250000
0.833333
0.333333
0.833333
0.333333
1
0.250000
0.833333
0.250000
0.666667
0.333333
0.666667
0.250000
0.833333
0.333333
0.666667
0.333333
0.833333
0.250000
0.666667
0.250000
0.5
0.333333
0.666667
0.250000
0.5
0.333333
0.5
0.333333
0.666667
0.250000
0.5
0.250000
0.333333
0.333333
0.333333
0.250000
0.5
0.333333
0.333333
0.333333
0.5
0.250000
0.333333
0.250000
0.166667
0.333333
0.333333
0.250000
0.166667
0.333333
0.166667
0.333333
0.333333
0.250000
0.166667
0.250000
0
0.333333
0
0.250000
0.166667
0.333333
0
0.333333
0.166667
0.000000
0
0.000000
0
0.000000
0
0.000000
0
0.000000
0
0.000000
0
0.333333
1
0.333333
0.833333
0.416667
0.833333
0.395833
1
0.416667
0.833333
0.416667
1
0.333333
0.833333
0.333333
0.666667
0.416667
0.833333
0.333333
0.666667
0.416667
0.666667
0.416667
0.833333
0.333333
0.666667
0.333333
0.5
0.416667
0.5
0.333333
0.666667
0.416667
0.5
0.416667
0.666667
0.333333
0.5
0.333333
0.333333
0.416667
0.5
0.333333
0.333333
0.416667
0.333333
0.416667
0.5
0.333333
0.333333
0.333333
0.166667
0.416667
0.166667
0.333333
0.333333
0.416667
0.166667
0.416667
0.333333
0.333333
0.166667
0.333333
0
0.416667
0.166667
0.333333
0
0.416667
0
0.416667
0.166667
0.000000
0
0.000000
0
0.000000
0
0.000000
0
0.000000
0
0.000000
0
0.416667
1
0.416667
0.833333
0.500000
1
0.416667
0.833333
0.500000
0.833333
0.500000
1
0.416667
0.833333
0.416667
0.666667
0.500000
0.666667
0.416667
0.833333
0.500000
0.666667
0.500000
0.833333
0.416667
0.666667
0.416667
0.5
0.500000
0.666667
0.416667
0.5
0.500000
0.5
0.500000
0.666667
0.416667
0.5
0.416667
0.333333
0.500000
0.333333
0.416667
0.5
0.500000
0.333333
0.500000
0.5
0.416667
0.333333
0.416667
0.166667
0.500000
0.333333
0.416667
0.166667
0.500000
0.166667
0.500000
0.333333
0.416667
0.166667
0.416667
0
0.500000
0
0.416667
0.166667
0.500000
0
0.500000
0.166667
0.000000
0
0.000000
0
0.000000
0
0.000000
0
0.000000
0
0.000000
0
0.500000
1
0.500000
0.833333
0.583333
0.833333
0.500000
1
0.583333
0.833333
0.583333
1
0.500000
0.833333
0.500000
0.666667
0.583333
0.833333
0.500000
0.666667
0.583333
0.666667
0.583333
0.833333
0.500000
0.666667
0.500000
0.5
0.583333
0.5
0.500000
0.666667
0.583333
0.5
0.583333
0.666667
0.500000
0.5
0.500000
0.333333
0.583333
0.5
0.500000
0.333333
0.583333
0.333333
0.583333
0.5
0.500000
0.333333
0.500000
0.166667
0.583333
0.166667
0.500000
0.333333
0.583333
0.166667
0.583333
0.333333
0.500000
0.166667
0.500000
0
0.583333
0.166667
0.500000
0
0.583333
0
0.583333
0.166667
0.000000
0
0.000000
0
0.000000
0
0.000000
0
0.000000
0
0.000000
0
0.645833
1
0.583333
0.833333
0.666667
1
0.583333
0.833333
0.666667
0.833333
0.666667
1
0.583333
0.833333
0.583333
0.666667
0.666667
0.666667
0.583333
0.833333
0.666667
0.666667
0.666667
0.833333
0.583333
0.666667
0.583333
0.5
0.666667
0.666667
0.583333
0.5
0.666667
0.5
0.666667
0.666667
0.583333
0.5
0.583333
0.333333
0.666667
0.333333
0.583333
0.5
0.666667
0.333333
0.666667
0.5
0.583333
0.333333
0.583333
0.166667
0.666667
0.333333
0.583333
0.166667
0.666667
0.166667
0.666667
0.333333
0.583333
0.166667
0.583333
0
0.666667
0
0.583333
0.166667
0.666667
0
0.666667
0.166667
0.000000
0
0.000000
0
0.000000
0
0.000000
0
0.000000
0
0.000000
0
0.666667
1
0.666667
0.833333
0.750000
0.833333
0.666667
1
0.750000
0.833333
0.750000
1
0.666667
0.833333
0.666667
0.666667
0.750000
0.833333
0.666667
0.666667
0.750000
0.666667
0.750000
0.833333
0.666667
0.666667
0.666667
0.5
0.750000
0.5
0.666667
0.666667
0.750000
0.5
0.750000
0.666667
0.666667
0.5
0.666667
0.333333
0.750000
0.5
0.666667
0.333333
0.750000
0.333333
0.750000
0.5
0.666667
0.333333
0.666667
0.166667
0.750000
0.166667
0.666667
0.333333
0.750000
0.166667
0.750000
0.333333
0.666667
0.166667
0.666667
0
0.750000
0.166667
0.666667
0
0.750000
0
0.750000
0.166667
0.000000
0
0.000000
0
0.000000
0
0.000000
0
0.000000
0
0.000000
0
0.750000
1
0.750000
0.833333
0.833333
1
0.750000
0.833333
0.833333
0.833333
0.833333
1
0.750000
0.833333
0.750000
0.666667
0.833333
0.666667
0.750000
0.833333
0.833333
0.666667
0.833333
0.833333
0.750000
0.666667
0.750000
0.5
0.833333
0.666667
0.750000
0.5
0.833333
0.5
0.833333
0.666667
0.750000
0.5
0.750000
0.333333
0.833333
0.333333
0.750000
0.5
0.833333
0.333333
0.833333
0.5
0.750000
0.333333
0.750000
0.166667
0.833333
0.333333
0.750000
0.166667
0.833333
0.166667
0.833333
0.333333
0.750000
0.166667
0.750000
0
0.833333
0
0.750000
0.166667
0.833333
0
0.833333
0.166667
0.000000
0
0.000000
0
0.000000
0
0.000000
0
0.000000
0
0.000000
0
0.833333
1
0.833333
0.833333
0.916667
0.833333
0.833333
1
0.916667
0.833333
0.916667
1
0.833333
0.833333
0.833333
0.666667
0.916667
0.833333
0.833333
0.666667
0.916667
0.666667
0.916667
0.833333
0.833333
0.666667
0.833333
0.5
0.916667
0.5
0.833333
0.666667
0.916667
0.5
0.916667
0.666667
0.833333
0.5
0.833333
0.333333
0.916667
0.5
0.833333
0.333333
0.916667
0.333333
0.916667
0.5
0.833333
0.333333
0.833333
0.166667
0.916667
0.166667
0.833333
0.333333
0.916667
0.166667
0.916667
0.333333
0.833333
0.166667
0.833333
0
0.916667
0.166667
0.833333
0
0.916667
0
0.916667
0.166667
0.000000
0
0.000000
0
0.000000
0
0.000000
0
0.000000
0
0.000000
0
0.916667
1
0.916667
0.833333
1.000000
1
0.916667
0.833333
1.000000
0.833333
1.000000
1
0.916667
0.833333
0.916667
0.666667
1.000000
0.666667
0.916667
0.833333
1.000000
0.666667
1.000000
0.833333
0.916667
0.666667
0.916667
0.5
1.000000
0.666667
0.916667
0.5
1.000000
0.5
1.000000
0.666667
0.916667
0.5
0.916667
0.333333
1.000000
0.333333
0.916667
0.5
1.000000
0.333333
1.000000
0.5
0.916667
0.333333
0.916667
0.166667
1.000000
0.333333
0.916667
0.166667
1.000000
0.166667
1.000000
0.333333
0.916667
0.166667
0.916667
0
1.000000
0
0.916667
0.166667
1.000000
0
1.000000
0.166667
0.000000
0
0.000000
0
0.000000
0
0.375000
1
0.333333
1
0.416667
0.833333
0.000000
0
0.000000
0
0.000000
0
0.625000
1
0.583333
1
0.583333
0.833333
0.645833
1
0.625000
1
0.583333
0.833333
0.000000
0
0.000000
0
0.000000
0
0.000000
0
0.000000
0
0.000000
0
0.395833
1
0.375000
1
0.416667
0.833333